Time-14		194.0	4.0	100.0	234.0	189.0	122.0	
Time-15		68.0	48.0	66.0	64.0	46.0	37.0	
Time-16		1814.5	1788.5	1801.5	1814.5	1814.5	1814.5	
Time-17		1467.4	1393.8	1429.2	1446.6	1453.0	1475.4	
Time-18		3064.5	3057.5	3061.5	3064.5	3064.5	3064.5	
Time-19		818.0	786.0	794.0	818.0	818.0	818.0	
Time-20		1288.0	1271.0	1281.0	1288.0	1288.0	1288.0	
Time-21		1329.857142857143	1294.4285714285713	1330.4285714285713	1280.7142857142858	1333.142857142857	1302.4285714285713	
Time-22		1545.5	1537.5	1537.5	1545.5	1545.5	1545.5	
Time-23		457.0	377.6666666666667	399.3333333333333	395.55555555555554	405.22222222222223	401.55555555555554	
Time-24		674.0	674.0	674.0	674.0	674.0	674.0	
Time-25		1799.0	1753.0	1772.0	1799.0	1799.0	1799.0	
Time-26		3695.0	3663.0	3682.0	3695.0	3695.0	3695.0	
Time-27		5441.666666666667	5438.666666666667	5438.666666666667	5441.666666666667	5441.666666666667	5441.666666666667	
Time-1		562.2	487.2	516.8	511.0	538.4	585.8	
Time-2		1461.6666666666667	1434.6666666666667	1399.0	1427.6666666666667	1411.6666666666667	1467.3333333333333	
Time-3		2541.7	2531.7	2538.7	2541.7	2541.7	2541.7	
Time-4		4927.0	4927.0	4927.0	4927.0	4927.0	4927.0	
Time-5		819.5	807.5	812.5	819.5	819.5	819.5	
Time-6		3714.0	3671.0	3696.0	3714.0	3714.0	3714.0	
Time-7		1671.0	1650.0	1666.0	1671.0	1671.0	1671.0	
Time-8		731.3333333333334	685.3333333333334	726.3333333333334	731.3333333333334	731.3333333333334	731.3333333333334	
Time-9		731.2	686.2	720.2	731.2	731.2	731.2	
Time-10		2310.0	2310.0	2310.0	2310.0	2310.0	2310.0	
Time-11		994.3333333333334	1033.6666666666667	1033.6666666666667	1116.0	1037.6666666666667	1066.6666666666667	
Time-12		3113.6666666666665	3109.6666666666665	3109.6666666666665	3113.6666666666665	3113.6666666666665	3113.6666666666665	
Time-13		4502.0	4502.0	4502.0	4502.0	4502.0	4502.0	
Time-14		175.0	4.0	65.0	116.0	30.0	317.0	
Chart-1		3681.0	3681.0	3681.0	3681.0	3681.0	3681.0	
Chart-2		238.1	157.4	170.1	285.6	191.9	304.4	
Chart-3		111.0	6.0	6.0	6.0	309.0	56.0	
Chart-5		118.33333333333333	77.66666666666667	78.33333333333333	96.66666666666667	117.0	109.66666666666667	
Chart-6		25.0	29.0	99.0	267.0	262.0	238.0	
Chart-7		7.5	44.5	59.5	171.5	68.5	38.0	
Chart-8		14.0	2.0	37.0	8.0	74.0	46.0	
Chart-9		122.0	4.0	4.0	1.0	188.0	174.0	
Chart-11		43.0	9.0	34.0	33.0	20.0	23.0	
Chart-12		1383.0	1383.0	1383.0	1383.0	1383.0	1383.0	
Chart-13		631.0	631.0	631.0	631.0	631.0	631.0	
Chart-14		2608.0	2513.0	1842.0	1855.75	2265.0	2297.25	
Chart-15		5436.333333333333	5549.666666666667	5588.666666666667	5163.666666666667	4704.333333333333	4748.666666666667	
Chart-16		6.0	3.6666666666666665	3.0	73.0	80.0	30.666666666666668	
Chart-17		112.0	2.0	2.0	8.0	74.0	398.0	
Chart-18		239.71428571428572	205.42857142857142	205.28571428571428	220.85714285714286	248.57142857142858	246.14285714285714	
Chart-19		2457.0	2457.0	2457.0	2457.0	2457.0	2457.0	
Chart-20		238.0	238.0	238.0	238.0	238.0	238.0	
Chart-21		149.5	118.25	118.75	168.75	254.0	165.75	
Chart-22		72.6	54.0	19.6	31.8	57.0	68.4	
Chart-23		612.0	612.0	713.0	845.0	795.0	1133.0	
Chart-24		3.0	3.0	3.0	4.0	15.0	16.0	
Chart-1		1161.0	33.0	603.0	110.0	1427.0	2357.0	
Chart-2		290.5	194.0	225.2	294.0	328.7	446.1	
Chart-3		137.0	9.0	9.0	10.0	341.0	215.0	
Chart-5		120.66666666666667	78.66666666666667	78.66666666666667	85.33333333333333	131.0	113.33333333333333	
Chart-6		36.0	114.0	259.0	203.0	256.0	186.0	
Chart-7		33.0	72.0	72.0	77.5	112.0	125.5	
Chart-8		17.0	4.0	39.0	6.0	42.0	44.0	
Chart-9		161.0	7.0	7.0	8.0	441.0	255.0	
Chart-11		35.0	1.0	35.0	21.0	17.0	81.0	
Chart-12		2255.0	2255.0	2255.0	2255.0	2255.0	2255.0	
Chart-13		41.0	41.0	44.0	33.0	7.0	337.0	
Chart-14		2493.0	1618.75	14.75	55.75	1953.75	1746.75	
Chart-15		4139.666666666667	3030.6666666666665	1314.0	2495.6666666666665	1509.0	2675.6666666666665	
Chart-16		13.0	3.6666666666666665	3.0	73.0	63.333333333333336	19.666666666666668	
Chart-17		134.0	2.0	2.0	332.0	171.0	86.0	
Chart-18		245.0	206.57142857142858	207.0	218.42857142857142	251.57142857142858	244.0	
Chart-19		1852.0	3.0	1.5	123.5	558.5	1275.0	
Chart-20		262.0	262.0	262.0	262.0	262.0	262.0	
Chart-21		151.75	116.0	118.0	192.25	280.75	187.5	
Chart-22		77.4	56.0	20.8	34.8	55.6	40.8	
Chart-23		1106.0	1547.0	2089.0	732.0	836.0	1639.0	
Chart-24		3.0	3.0	3.0	4.0	12.0	13.0	
Lang-1		27.333333333333332	3.3333333333333335	505.3333333333333	30.666666666666668	658.0	171.0	
Lang-2		4.0	17.0	17.0	11.0	4.0	2.0	
Lang-3		122.25	111.0	696.25	196.0	534.25	600.0	
Lang-4		38.75	38.75	39.0	40.0	48.0	40.75	
Lang-5		11.5	12.0	7.5	16.5	11.0	17.5	
Lang-6		34.0	96.0	351.0	174.0	144.0	217.0	
Lang-7		175.6	154.0	595.4	154.4	519.4	429.8	
Lang-8		214.0	22.0	22.0	168.0	215.0	232.0	
Lang-9		10.0	29.0	167.0	96.0	15.0	193.0	
Lang-10		282.6666666666667	295.1666666666667	326.8333333333333	289.5	330.5	321.5	
Lang-11		2.0	3.0	3.0	5.0	7.0	30.0	
Lang-13		25.0	25.0	45.0	32.0	23.0	11.0	
Lang-14		795.0	795.0	795.0	795.0	795.0	795.0	
Lang-15		310.5	353.25	941.75	872.75	663.5	186.25	
Lang-16		84.0	36.0	469.0	72.0	590.0	526.0	
Lang-17		46.42857142857143	123.14285714285714	546.4285714285714	600.0	442.0	228.28571428571428	
Lang-18		104.5	111.75	129.25	78.0	108.5	139.5	
Lang-19		32.25	27.75	25.75	27.5	35.25	31.5	
Lang-20		73.5	7.0	7.0	40.5	302.0	493.0	
Lang-21		185.0	185.0	185.0	185.0	185.0	185.0	
Lang-22		4.0	18.0	23.0	25.0	37.0	76.0	
Lang-23		148.0	134.33333333333334	213.0	160.33333333333334	123.66666666666667	162.0	
Lang-24		62.0	62.0	62.0	196.0	658.0	596.0	
Lang-25		16.5	16.0	16.0	13.5	9.5	10.5	
Lang-26		68.0	8.0	8.0	45.0	181.0	176.0	
Lang-27		131.5	128.5	530.5	66.5	214.5	166.5	
Lang-28		20.0	2.0	2.0	3.5	23.5	28.0	
Lang-29		1152.0	1152.0	1152.0	1152.0	1152.0	1152.0	
Lang-30		361.8235294117647	349.05882352941177	339.8235294117647	377.1764705882353	707.6470588235294	760.1764705882352	
Lang-31		855.0	851.3333333333334	852.0	862.0	1002.3333333333334	1108.6666666666667	
Lang-32		25.5	30.25	475.25	170.75	277.5	239.75	
Lang-33		7.0	7.0	11.0	9.0	190.0	280.0	
Lang-34		83.5	43.5	115.0	42.0	212.0	124.5	
Lang-35		887.0	887.0	887.0	887.0	887.0	887.0	
Lang-36		168.0	87.0	222.66666666666666	291.0	618.6666666666666	421.6666666666667	
Lang-37		15.5	4.5	4.5	233.5	224.5	210.0	
Lang-38		3.0	3.0	4.0	6.0	97.0	118.0	
Lang-39		20.0	5.0	5.0	183.0	7.0	145.0	
Lang-40		638.0	638.0	638.0	638.0	638.0	638.0	
Lang-41		114.4	115.8	103.0	117.2	112.2	126.4	
Lang-42		273.0	237.5	237.5	233.5	303.5	348.5	
Lang-43		6.0	6.0	10.0	3.0	130.0	5.0	
Lang-44		134.0	134.0	134.0	134.0	134.0	134.0	
Lang-45		5.0	5.0	5.0	12.0	387.0	254.0	
Lang-46		38.0	36.55555555555556	26.333333333333332	45.22222222222222	61.44444444444444	56.55555555555556	
Lang-47		191.5	5.5	5.5	104.5	375.0	208.5	
Lang-48		53.333333333333336	52.0	67.33333333333333	52.666666666666664	85.66666666666667	56.666666666666664	
Lang-49		1.0	1.0	1.0	9.0	87.0	98.0	
Lang-50		160.5	109.2	100.7	144.3	140.3	119.3	
Lang-51		6.0	6.0	6.0	10.0	29.0	7.0	
Lang-52		25.0	28.5	29.0	20.0	38.0	40.0	
Lang-53		54.0	54.0	71.75	77.0	85.75	59.0	
Lang-54		10.0	5.0	5.0	12.0	11.0	1.0	
Lang-55		24.0	25.5	25.5	23.5	37.5	27.0	
Lang-56		353.0	350.0	300.5	327.0	335.0	369.0	
Lang-57		163.0	82.0	82.0	165.0	165.0	165.0	
Lang-58		52.5	19.5	261.5	16.5	582.5	490.0	
Lang-59		155.0	2.0	2.0	2.0	160.0	352.0	
Lang-60		462.5	465.5	499.5	614.5	560.0	585.5	
Lang-61		876.0	876.0	876.0	876.0	876.0	876.0	
Lang-62		125.5	125.5	77.0	112.0	99.75	64.25	
Lang-63		134.57894736842104	80.78947368421052	391.8421052631579	324.0	479.0	248.42105263157896	
Lang-64		93.5	67.5	480.0	236.0	441.0	223.0	
Lang-65		46.75	46.75	28.25	43.0	78.5	42.25	
Math-1		900.5	338.5	185.0	616.0	645.5	1102.0	
Math-2		38.0	40.0	667.0	691.0	859.0	777.0	
Math-3		75.0	1.0	22.0	148.0	97.0	98.0	
Math-4		848.5	53.0	539.0	556.5	1142.5	864.0	
Math-5		137.0	137.0	137.0	137.0	137.0	137.0	
Math-6		2163.823529411765	2160.294117647059	3164.1176470588234	2717.705882352941	2319.3529411764707	2473.235294117647	
Math-7		1173.6666666666667	758.7777777777778	565.7777777777778	673.5555555555555	716.7777777777778	554.3333333333334	
Math-8		3.5	3.5	162.0	45.0	358.0	46.0	
Math-9		1.0	1.0	3.0	5.0	584.0	463.0	
Math-10		416.0	5.0	5.0	30.0	57.0	627.0	
Math-11		339.0	77.0	2706.0	302.0	2817.0	682.0	
Math-12		1232.0	1232.0	1232.0	1232.0	1232.0	1232.0	
Math-13		120.0	225.5	2305.0	1024.0	1313.5	1686.0	
Math-14		143.0	212.0	2282.3333333333335	424.5	1447.3333333333333	1500.1666666666667	
Math-15		843.0	830.0	954.5	771.0	1043.5	962.5	
Math-16		1527.888888888889	1545.5555555555557	1503.6666666666667	1379.888888888889	1409.0	1444.2222222222222	
Math-17		140.0	85.0	106.0	82.0	209.0	509.0	
Math-18		389.0	576.0	2928.0	1920.5	3083.5	2839.5	
Math-19		737.5	456.5	835.5	255.5	143.5	613.5	
Math-20		154.0	313.0	2649.0	1049.0	2094.0	883.0	
Math-21		78.27272727272727	60.27272727272727	2340.2727272727275	74.9090909090909	2091.4545454545455	547.0	
Math-22		541.5	1.5	239.5	76.0	497.5	502.0	
Math-23		134.83333333333334	185.83333333333334	1005.3333333333334	561.6666666666666	794.1666666666666	602.0	
Math-24		209.0	211.0	1068.5	453.0	1082.5	282.0	
Math-25		331.0	331.0	331.0	331.0	331.0	331.0	
Math-26		424.5	38.0	618.5	574.5	613.5	700.0	
Math-27		212.0	2.0	685.0	564.0	753.0	149.0	
Math-28		371.0	49.6	2565.6	790.8	2608.8	783.2	
Math-29		220.0	129.6	251.4	256.8	902.8	782.0	
Math-31		761.2758620689655	647.5172413793103	994.448275862069	751.4137931034483	1002.6896551724138	804.7931034482758	
Math-32		2.0	2.0	105.0	1241.0	1276.0	1216.0	
Math-33		277.0	31.0	2444.0	2804.0	1652.0	524.0	
Math-34		37.0	1.0	1.0	27.0	78.0	60.0	
Math-35		7.0	6.5	6.5	35.5	131.5	96.0	
Math-36		483.0	483.0	483.0	483.0	483.0	483.0	
Math-37		502.4	179.2	188.0	125.4	689.2	331.4	
Math-38		670.75	507.75	693.25	682.75	1830.5	833.75	
Math-39		375.0	131.0	254.0	56.0	555.0	572.0	
Math-40		430.5	267.5	685.5	21.5	566.5	476.0	
Math-41		416.0	21.0	296.0	317.0	365.0	734.0	
Math-42		288.0	58.0	2454.0	196.5	2437.5	1414.0	
Math-43		171.0	54.0	356.0	410.3333333333333	831.0	450.3333333333333	
Math-44		745.6666666666666	590.0	736.6666666666666	588.6666666666666	552.3333333333334	788.6666666666666	
Math-45		267.0	1.0	9.0	131.0	526.0	610.0	
Math-46		690.0	456.0	878.0	803.0	252.0	370.0	
Math-47		464.6	297.0	820.8	875.6	836.4	636.8	
Math-48		477.0	354.0	909.0	786.0	854.0	155.0	
Math-49		1911.25	1817.75	1665.25	1892.0	2170.75	1542.75	
Math-50		149.66666666666666	2.3333333333333335	195.0	2.6666666666666665	751.0	358.6666666666667	
Math-51		431.5	259.0	950.0	960.5	1111.5	895.0	
Math-52		763.6666666666666	638.3333333333334	1133.3333333333333	933.3333333333334	1155.6666666666667	594.3333333333334	
Math-53		30.0	2.0	222.0	4.0	208.0	92.0	
Math-54		1125.5	1051.5	1051.5	1047.0	1466.5	1383.0	
Math-55		462.5	250.5	562.5	175.0	189.0	271.0	
Math-56		844.5	584.0	995.5	1065.1666666666667	1003.5	1032.3333333333333	
Math-57		15.0	13.0	1078.0	618.0	1241.0	12.0	
Math-58		673.0	774.0	1010.0	623.0	593.0	1151.0	
Math-59		1368.0	1325.0	2.0	553.0	815.0	870.0	
Math-60		830.75	533.0	975.25	801.75	807.5	918.375	
Math-61		12.0	145.0	765.5	208.0	669.0	557.5	
Math-62		159.75	159.75	159.75	475.5	256.75	480.75	
Math-63		995.0	925.0	934.0	995.0	995.0	995.0	
Math-64		191.07142857142858	170.92857142857142	174.64285714285714	200.5	177.78571428571428	164.28571428571428	
Math-65		252.33333333333334	135.66666666666666	1038.1666666666667	548.3333333333334	1239.0	659.3333333333334	
Math-66		711.0	621.5294117647059	923.1176470588235	879.2352941176471	748.5882352941177	820.5294117647059	
Math-67		276.5	249.5	249.5	333.5	390.5	311.5	
Math-68		231.0	305.85714285714283	306.42857142857144	286.57142857142856	277.2857142857143	293.0	
Math-69		206.0	31.0	1356.0	12.0	1038.0	74.0	
Math-70		1.0	1.0	46.0	15.0	59.0	82.0	
Math-71		508.5	1.5	1.5	86.5	273.0	268.5	
Math-72		200.5	200.5	200.5	200.5	200.5	200.5	
Math-73		2.0	2.0	2.0	122.0	50.0	108.0	
Math-74		413.6	934.4	1864.0	1575.2	1868.4	890.0	
Math-75		1.0	1.0	1.0	5.0	51.0	54.0	
Math-76		558.6428571428571	469.2142857142857	2086.3571428571427	1562.2857142857142	1412.0	1196.5	
Math-77		1092.0	306.85714285714283	42.857142857142854	444.42857142857144	881.5714285714286	809.2857142857143	
Math-78		65.5	76.0	83.5	100.5	118.5	167.5	
Math-79		237.0	226.0	236.0	287.0	238.0	275.5	
Math-80		14.0	14.0	154.0	355.0	2026.0	8.0	
Math-81		601.0	538.5	1541.0	1320.75	1607.0	1259.25	
Math-82		22.0	64.0	878.0	63.0	640.0	92.0	
Math-83		174.33333333333334	62.333333333333336	719.3333333333334	713.6666666666666	439.6666666666667	287.0	
Math-85		92.0	67.0	67.0	1.0	131.0	125.0	
Math-86		249.33333333333334	176.66666666666666	462.3333333333333	181.0	314.3333333333333	478.3333333333333	
Math-87		76.75	149.75	814.0	343.0	715.75	603.25	
Math-88		229.42857142857142	19.142857142857142	666.1428571428571	391.0	813.7142857142857	508.57142857142856	
Math-89		35.5	35.5	35.5	3.0	57.5	8.5	
Math-90		86.0	77.0	77.0	86.0	86.0	86.0	
Math-91		1.5	1.5	65.5	2.5	170.5	169.0	
Math-92		52.57142857142857	41.714285714285715	46.42857142857143	56.57142857142857	37.57142857142857	61.714285714285715	
Math-93		87.8	79.4	79.4	93.8	83.6	98.4	
Math-94		133.0	133.0	133.0	133.0	133.0	133.0	
Math-95		84.33333333333333	9.333333333333334	9.333333333333334	57.333333333333336	163.0	126.0	
Math-96		7.0	4.0	4.0	3.0	50.0	60.0	
Math-97		37.75	14.25	17.75	34.75	50.25	52.75	
Math-98		160.0	7.0	7.0	125.0	144.5	242.0	
Math-99		139.5	140.0	139.5	141.0	192.0	182.0	
Math-100		271.3333333333333	194.66666666666666	170.0	148.33333333333334	198.33333333333334	272.3333333333333	
Math-101		35.0	12.0	12.0	15.0	38.0	37.0	
Math-102		6.0	6.0	8.0	10.0	308.0	49.0	
Math-103		50.0	28.0	43.0	96.0	51.0	89.0	
Math-104		2.0	45.0	98.0	108.0	52.0	5.0	
Math-105		67.0	66.0	66.0	67.0	67.0	67.0	
Math-106		48.666666666666664	34.666666666666664	49.0	31.333333333333332	49.333333333333336	38.666666666666664	
Mockito-1		2.0	2.0	2.0	1.0	1165.0	646.0	
Mockito-2		231.33333333333334	143.33333333333334	315.6666666666667	502.0	135.66666666666666	186.0	
Mockito-3		1850.2	1630.6	1633.6	1634.4	1732.4	2202.8	
Mockito-4		1189.6666666666667	1179.6666666666667	754.3333333333334	1039.3333333333333	1025.3333333333333	987.3333333333334	
Mockito-5		1202.0	1167.0	731.0	155.0	1703.0	1033.0	
Mockito-6		1782.9	1746.2	1422.15	1484.1	1631.35	1607.5	
Mockito-7		1700.0	1700.0	1700.0	1700.0	1700.0	1700.0	
Mockito-8		68.5	70.0	70.0	76.5	75.0	107.0	
Mockito-9		1220.5	1218.5	1087.0	1323.0	1365.0	996.5	
Mockito-10		639.6666666666666	404.3333333333333	343.5	593.3333333333334	652.3333333333334	538.1666666666666	
Mockito-11		511.5	505.5	506.5	511.5	511.5	511.5	
Mockito-12		71.0	71.0	71.0	775.5	40.5	57.0	
Mockito-13		645.3333333333334	621.6666666666666	776.3333333333334	742.0	910.3333333333334	684.0	
Mockito-14		388.8	395.0	522.8	456.8	629.0	382.0	
Mockito-15		126.0	215.5	472.5	539.0	385.0	221.0	
Mockito-16		322.5	262.6666666666667	311.1666666666667	390.0	360.0	424.8333333333333	
Mockito-17		556.2	502.8	533.2	574.6	491.0	582.6	
Mockito-18		185.0	47.0	217.0	65.0	462.0	406.0	
Mockito-20		1611.5	1611.5	1611.5	1611.5	1611.5	1611.5	
Mockito-21		82.4	21.0	336.2	89.6	241.2	176.0	
Mockito-22		181.0	6.0	76.0	62.0	54.0	163.0	
Mockito-23		859.7777777777778	537.1111111111111	560.4444444444445	753.1111111111111	777.4444444444445	893.5555555555555	
Mockito-24		3035.0	3035.0	3035.0	3035.0	3035.0	3035.0	
Mockito-25		610.6666666666666	70.83333333333333	117.16666666666667	337.8333333333333	1033.0	818.1666666666666	
Mockito-26		1672.0	1672.0	1672.0	1672.0	1672.0	1672.0	
Mockito-27		858.5	635.5	654.0	790.5	900.5	839.5	
Mockito-28		204.0	355.0	488.0	439.0	433.0	406.0	
Mockito-29		766.0	741.0	741.0	724.0	316.0	493.0	
Mockito-30		170.5	68.0	101.5	128.0	214.5	243.5	
Mockito-31		17.5	85.0	147.0	148.5	281.5	289.5	
Mockito-32		835.5	569.0	571.5	593.5	816.0	796.0	
Mockito-33		122.0	43.0	240.0	111.0	658.0	363.0	
Mockito-34		1838.0	1818.0	1818.0	1838.0	1838.0	1838.0	
Mockito-35		1042.0	1006.6666666666666	897.0	1053.0	951.3333333333334	1058.6666666666667	
Mockito-36		1930.5	1930.5	1930.5	1930.5	1930.5	1930.5	
Mockito-37		441.5	357.5	457.0	379.0	488.0	598.5	
Mockito-38		471.0	476.0	530.0	640.0	121.0	646.0	
Time-1		1210.0	2585.0	1893.0	1085.2	1259.2	959.6	
Time-2		1714.3333333333333	1900.6666666666667	2229.3333333333335	1482.0	1976.6666666666667	1319.3333333333333	
Lang-1		27.333333333333332	3.3333333333333335	505.3333333333333	31.333333333333332	513.0	295.0	
Lang-2		3.0	18.0	18.0	7.0	4.0	1.0	
Lang-3		116.75	105.5	655.0	107.0	433.5	514.25	
Lang-1		27.666666666666668	3.6666666666666665	505.6666666666667	28.333333333333332	689.3333333333334	584.6666666666666	
Lang-2		5.0	20.0	20.0	13.0	18.0	1.0	
Lang-3		122.5	111.25	678.5	123.75	476.25	369.5	
Lang-1		29.0	5.0	507.0	11.0	578.3333333333334	375.0	
Lang-2		2.0	17.0	17.0	9.0	4.0	1.0	
Lang-3		102.0	89.25	588.5	340.0	573.25	471.25	
Lang-4		39.5	38.75	38.75	38.75	46.0	48.5	
Lang-5		12.0	12.5	10.0	13.0	5.5	35.0	
Lang-6		35.0	98.0	697.0	195.0	48.0	36.0	
Lang-7		189.2	167.6	619.2	298.0	710.4	484.6	
Lang-8		226.0	31.0	31.0	57.0	214.0	10.0	
Lang-9		10.0	27.0	69.0	54.0	29.0	29.0	
Lang-10		283.0	293.0	305.3333333333333	344.3333333333333	319.3333333333333	373.6666666666667	
Lang-11		5.0	5.0	5.0	5.0	10.0	2.0	
