motivation-artificial_bug	5Time-14		194	4	100	234	189	122	
Time-15		68	48	66	64	46	37	
Time-16		1814	1788	1801	1814	1814	1814	
Time-17		157	1	50	53	85	197	
Time-18		3064	3057	3061	3064	3064	3064	
Time-19		818	786	794	818	818	818	
Time-20		1288	1271	1281	1288	1288	1288	
Time-21		215	109	185	82	79	26	
Time-22		1545	1537	1537	1545	1545	1545	
Time-23		291	116	165	44	118	9	
Time-24		674	674	674	674	674	674	
Time-25		1799	1753	1772	1799	1799	1799	
Time-26		3695	3663	3682	3695	3695	3695	
Time-27		5440	5437	5437	5440	5440	5440	
Time-1		178	49	94	43	34	104	
Time-2		219	210	67	117	69	236	
Time-3		2520	2510	2517	2520	2520	2520	
Time-4		4927	4927	4927	4927	4927	4927	
Time-5		817	805	810	817	817	817	
Time-6		3658	3615	3640	3658	3658	3658	
Time-7		1670	1649	1665	1670	1670	1670	
Time-8		729	683	724	729	729	729	
Time-9		726	681	715	726	726	726	
Time-10		2303	2303	2303	2303	2303	2303	
Time-11		24	144	144	389	154	241	
Time-12		1003	999	999	1003	1003	1003	
Time-13		4502	4502	4502	4502	4502	4502	
Time-14		175	4	65	116	30	317	
Chart-1		3681	3681	3681	3681	3681	3681	
Chart-2		226	72	63	44	26	22	
Chart-3		111	6	6	6	309	56	
Chart-5		66	5	6	11	46	16	
Chart-6		25	29	99	267	262	238	
Chart-7		5	42	57	161	68	33	
Chart-8		14	2	37	8	74	46	
Chart-9		122	4	4	1	188	174	
Chart-11		43	9	34	33	20	23	
Chart-12		1383	1383	1383	1383	1383	1383	
Chart-13		631	631	631	631	631	631	
Chart-14		1476	1220	6	19	236	329	
Chart-15		2752	3092	3209	1934	556	689	
Chart-16		1	1	2	7	28	1	
Chart-17		112	2	2	8	74	398	
Chart-18		84	5	4	7	55	76	
Chart-19		2438	2438	2438	2438	2438	2438	
Chart-20		238	238	238	238	238	238	
Chart-21		45	9	9	39	123	4	
Chart-22		51	27	8	2	11	36	
Chart-23		612	612	713	845	795	1133	
Chart-24		3	3	3	4	15	16	
Chart-1		1161	33	603	110	1427	2357	
Chart-2		271	100	79	90	244	44	
Chart-3		137	9	9	10	341	215	
Chart-5		70	7	7	17	43	36	
Chart-6		36	114	259	203	256	186	
Chart-7		30	69	69	74	54	79	
Chart-8		17	4	39	6	42	44	
Chart-9		161	7	7	8	441	255	
Chart-11		35	1	35	21	17	81	
Chart-12		2255	2255	2255	2255	2255	2255	
Chart-13		41	41	44	33	7	337	
Chart-14		2447	1293	6	9	505	610	
Chart-15		3219	28	35	1480	1486	261	
Chart-16		1	1	2	12	47	2	
Chart-17		134	2	2	332	171	86	
Chart-18		87	3	4	9	70	55	
Chart-19		1851	2	1	41	424	920	
Chart-20		262	262	262	262	262	262	
Chart-21		7	7	7	38	213	80	
Chart-22		53	34	8	1	16	6	
Chart-23		1106	1547	2089	732	836	1639	
Chart-24		3	3	3	4	12	13	
Lang-1		25	1	503	16	564	67	
Lang-2		4	17	17	11	4	2	
Lang-3		51	6	490	25	65	374	
Lang-4		1	1	2	6	38	9	
Lang-5		4	5	5	5	4	15	
Lang-6		34	96	351	174	144	217	
Lang-7		45	27	481	5	245	231	
Lang-8		214	22	22	168	215	232	
Lang-9		10	29	167	96	15	193	
Lang-10		4	43	138	8	128	11	
Lang-11		2	3	3	5	7	30	
Lang-13		25	25	45	32	23	11	
Lang-14		795	795	795	795	795	795	
Lang-15		12	185	817	540	263	29	
Lang-16		84	36	469	72	590	526	
Lang-17		1	101	473	590	434	11	
Lang-18		24	46	60	15	30	33	
Lang-19		11	3	3	10	4	8	
Lang-20		52	2	2	38	168	434	
Lang-21		185	185	185	185	185	185	
Lang-22		4	18	23	25	37	76	
Lang-23		79	79	175	2	36	21	
Lang-24		62	62	62	196	658	596	
Lang-25		15	14	14	9	1	3	
Lang-26		68	8	8	45	181	176	
Lang-27		126	123	525	41	196	53	
Lang-28		18	1	1	3	17	24	
Lang-29		1152	1152	1152	1152	1152	1152	
Lang-30		1	1	4	3	223	20	
Lang-31		12	1	3	33	454	773	
Lang-32		2	11	456	6	56	78	
Lang-33		7	7	11	9	190	280	
Lang-34		81	42	112	18	3	58	
Lang-35		873	873	873	873	873	873	
Lang-36		77	60	93	163	604	91	
Lang-37		13	2	2	171	224	12	
Lang-38		3	3	4	6	97	118	
Lang-39		20	5	5	183	7	145	
Lang-40		638	638	638	638	638	638	
Lang-41		2	9	9	3	16	43	
Lang-42		90	19	19	11	151	241	
Lang-43		6	6	10	3	130	5	
Lang-44		134	134	134	134	134	134	
Lang-45		5	5	5	12	387	254	
Lang-46		1	1	1	3	5	10	
Lang-47		182	4	4	95	371	195	
Lang-48		2	1	1	1	52	8	
Lang-49		1	1	1	9	87	98	
Lang-50		74	16	2	25	17	1	
Lang-51		6	6	6	10	29	7	
Lang-52		15	22	22	6	15	35	
Lang-53		17	17	41	20	28	15	
Lang-54		10	5	5	12	11	1	
Lang-55		2	5	5	1	29	8	
Lang-56		206	206	101	154	170	238	
Lang-57		163	82	82	165	165	165	
Lang-58		49	16	258	3	580	433	
Lang-59		155	2	2	2	160	352	
Lang-60		153	159	227	457	348	399	
Lang-61		876	876	876	876	876	876	
Lang-62		94	94	26	38	12	17	
Lang-63		1	1	317	15	252	15	
Lang-64		53	1	451	64	322	30	
Lang-65		6	6	6	2	22	6	
Math-1		893	19	182	41	148	1018	
Math-2		38	40	667	691	859	777	
Math-3		75	1	22	148	97	98	
Math-4		847	52	538	18	854	365	
Math-5		137	137	137	137	137	137	
Math-6		13	46	1344	341	125	491	
Math-7		986	41	54	104	103	37	
Math-8		3	3	161	24	357	32	
Math-9		1	1	3	5	584	463	
Math-10		416	5	5	30	57	627	
Math-11		339	77	2706	302	2817	682	
Math-12		1232	1232	1232	1232	1232	1232	
Math-13		28	73	1948	655	1222	1549	
Math-14		82	116	1770	97	1218	537	
Math-15		249	293	492	105	650	488	
Math-16		743	901	379	241	449	151	
Math-17		140	85	106	82	209	509	
Math-18		292	479	2831	1318	3083	2318	
Math-19		486	56	367	215	143	64	
Math-20		154	313	2649	1049	2094	883	
Math-21		65	47	2327	9	502	10	
Math-22		541	1	239	1	491	104	
Math-23		70	137	947	233	375	254	
Math-24		149	150	987	83	1080	281	
Math-25		331	331	331	331	331	331	
Math-26		418	30	610	447	604	640	
Math-27		212	2	685	564	753	149	
Math-28		222	14	2530	30	1800	153	
Math-29		164	2	245	58	281	302	
Math-31		267	42	423	28	161	70	
Math-32		2	2	105	1241	1276	1216	
Math-33		277	31	2444	2804	1652	524	
Math-34		37	1	1	27	78	60	
Math-35		4	3	3	4	130	37	
Math-36		479	479	479	479	479	479	
Math-37		448	19	134	62	123	41	
Math-38		8	8	38	12	1405	74	
Math-39		375	131	254	56	555	572	
Math-40		390	34	415	18	566	143	
Math-41		416	21	296	317	365	734	
Math-42		280	50	2446	186	2197	300	
Math-43		166	49	351	40	705	100	
Math-44		134	13	84	181	139	143	
Math-45		267	1	9	131	526	610	
Math-46		469	1	421	475	60	279	
Math-47		10	2	422	468	94	59	
Math-48		477	354	909	786	854	155	
Math-49		375	7	12	415	1348	56	
Math-50		1	1	1	1	267	170	
Math-51		378	33	693	553	1102	417	
Math-52		387	11	506	38	891	36	
Math-53		30	2	222	4	208	92	
Math-54		169	21	21	12	851	684	
Math-55		425	1	215	1	166	84	
Math-56		12	12	314	228	145	9	
Math-57		15	13	1078	618	1241	12	
Math-58		673	774	1010	623	593	1151	
Math-59		1368	1325	2	553	815	870	
Math-60		162	36	740	44	69	209	
Math-61		8	8	532	135	249	473	
Math-62		156	156	156	189	16	24	
Math-63		995	925	934	995	995	995	
Math-64		92	7	10	10	9	16	
Math-65		4	4	89	40	1236	118	
Math-66		19	63	828	360	5	9	
Math-67		8	8	8	108	222	64	
Math-68		5	114	115	44	50	32	
Math-69		206	31	1356	12	1038	74	
Math-70		1	1	46	15	59	82	
Math-71		508	1	1	42	266	222	
Math-72		199	199	199	199	199	199	
Math-73		2	2	2	122	50	108	
Math-74		137	785	1708	1020	1007	319	
Math-75		1	1	1	5	51	54	
Math-76		287	75	1727	28	1029	183	
Math-77		802	4	39	62	144	344	
Math-78		59	51	58	39	118	136	
Math-79		25	3	23	125	27	102	
Math-80		14	14	154	355	2026	8	
Math-81		26	7	1055	183	1132	680	
Math-82		22	64	878	63	640	92	
Math-83		96	18	675	339	54	10	
Math-85		92	67	67	1	131	125	
Math-86		11	6	424	3	238	303	
Math-87		8	111	754	22	634	36	
Math-88		218	1	648	1	735	66	
Math-89		1	1	1	1	44	7	
Math-90		86	77	77	86	86	86	
Math-91		1	1	65	2	170	109	
Math-92		20	1	1	24	12	15	
Math-93		23	2	2	23	12	45	
Math-94		133	133	133	133	133	133	
Math-95		80	5	5	25	162	40	
Math-96		7	4	4	3	50	60	
Math-97		21	1	1	2	17	21	
Math-98		155	4	4	98	66	114	
Math-99		11	12	11	14	116	96	
Math-100		242	12	24	73	108	239	
Math-101		35	12	12	15	38	37	
Math-102		3	3	5	2	94	8	
Math-103		50	28	43	96	51	89	
Math-104		2	45	98	108	52	5	
Math-105		67	66	66	67	67	67	
Math-106		15	2	26	21	22	7	
Mockito-1		2	2	2	1	1165	646	
Mockito-2		70	2	148	246	6	3	
Mockito-3		550	1	7	2	78	1332	
Mockito-4		700	672	100	537	553	158	
Mockito-5		1202	1167	731	155	1703	1033	
Mockito-6		958	666	1	35	52	74	
Mockito-7		1700	1700	1700	1700	1700	1700	
Mockito-8		15	18	18	31	28	92	
Mockito-9		602	598	335	807	891	154	
Mockito-10		462	5	62	118	354	66	
Mockito-11		511	505	506	511	511	511	
Mockito-12		2	2	2	775	31	23	
Mockito-13		246	116	283	210	651	125	
Mockito-14		13	70	210	87	278	27	
Mockito-15		111	193	450	530	383	42	
Mockito-16		29	4	4	13	27	128	
Mockito-17		53	1	10	159	12	4	
Mockito-18		185	47	217	65	462	406	
Mockito-20		1608	1608	1608	1608	1608	1608	
Mockito-21		77	2	317	1	34	6	
Mockito-22		181	6	76	62	54	163	
Mockito-23		500	16	48	199	58	386	
Mockito-24		3035	3035	3035	3035	3035	3035	
Mockito-25		32	35	42	1	68	336	
Mockito-26		1672	1672	1672	1672	1672	1672	
Mockito-27		462	16	53	326	546	424	
Mockito-28		204	355	488	439	433	406	
Mockito-29		766	741	741	724	316	493	
Mockito-30		29	5	31	36	127	225	
Mockito-31		16	74	134	34	281	260	
Mockito-32		536	3	8	52	497	457	
Mockito-33		122	43	240	111	658	363	
Mockito-34		1838	1818	1818	1838	1838	1838	
Mockito-35		448	342	13	481	176	498	
Mockito-36		1912	1912	1912	1912	1912	1912	
Mockito-37		163	3	202	38	256	477	
Mockito-38		471	476	530	640	121	646	
Time-1		716	589	48	690	248	39	
Time-2		932	1438	1985	1138	1612	646	
Lang-1		26	2	504	9	365	180	
Lang-2		3	18	18	7	4	1	
Lang-3		53	8	492	9	345	101	
Lang-1		25	1	503	22	612	489	
Lang-2		5	20	20	13	18	1	
Lang-3		55	10	494	24	433	196	
Lang-1		28	4	506	5	310	288	
Lang-2		2	17	17	9	4	1	
Lang-3		50	5	489	18	398	218	
Lang-4		4	1	1	1	30	40	
Lang-5		3	4	4	2	3	26	
Lang-6		35	98	697	195	48	36	
Lang-7		58	39	493	49	512	75	
Lang-8		226	31	31	57	214	10	
Lang-9		10	27	69	54	29	29	
Lang-10		3	36	73	68	15	259	
Lang-11		5	5	5	5	10	2	
