Lang-1		2	2	2	1	26	17	
Lang-2		20	20	20	17	23	15	
Lang-3		2	2	2	2	5	2	
Lang-4		1	1	1	4	1	7	
Lang-5		1	1	1	1	7	6	
Lang-6		117	127	4	120	72	89	
Lang-1		1	1	1	1	20	15	
Lang-2		16	16	16	21	29	16	
Lang-3		2	2	5	8	20	2	
Lang-4		2	2	2	4	3	5	
Lang-5		1	1	1	1	2	9	
Lang-6		93	96	96	21	8	100	
Lang-7		137	137	1	56	12	144	
Lang-8		38	38	38	13	126	36	
Lang-9		59	55	56	64	21	63	
Lang-10		56	59	59	34	2	32	
Lang-11		2	2	2	6	8	8	
Lang-12		3	3	3	2	4	2	
Lang-13		19	19	19	16	3	13	
Lang-15		8	8	8	12	104	83	
Lang-16		97	96	1	77	70	80	
Lang-17		64	75	75	54	13	70	
Lang-18		46	47	47	33	143	69	
Lang-19		2	2	2	1	8	1	
Lang-20		4	4	4	16	2	19	
Lang-22		14	14	14	7	19	23	
Lang-23		85	85	85	83	13	82	
Lang-24		64	64	64	28	72	10	
Lang-25		7	7	7	3	1	3	
Lang-26		9	9	9	103	35	23	
Lang-27		126	126	126	8	56	52	
Lang-28		1	1	1	3	3	5	
Lang-29		1	1	1	2	9	12	
Lang-31		2	2	2	3	3	2	
Lang-32		23	22	6	14	21	13	
Lang-33		6	38	24	36	25	56	
Lang-34		6	7	7	5	40	10	
Lang-35		2	2	2	1	11	2	
Lang-36		54	53	57	58	26	27	
Lang-37		4	4	4	1	17	16	
Lang-38		3	3	3	1	58	6	
Lang-39		37	37	37	20	35	29	
Lang-41		15	15	15	19	4	13	
Lang-42		10	11	15	4	19	4	
Lang-43		6	6	6	6	10	1	
Lang-44		9	9	9	8	10	10	
Lang-45		8	8	8	13	16	21	
Lang-46		1	1	1	1	8	3	
Lang-47		31	31	31	28	12	21	
Lang-48		2	2	2	2	2	6	
Lang-49		1	1	1	1	20	4	
Lang-50		57	59	59	52	60	19	
Lang-51		14	14	14	8	6	10	
Lang-52		16	16	16	24	4	23	
Lang-53		9	9	9	9	5	5	
Lang-54		5	5	5	9	5	11	
Lang-55		11	20	20	14	2	13	
Lang-56		114	112	114	41	46	99	
Lang-57		6	6	6	2	29	10	
Lang-58		17	17	17	10	13	5	
Lang-59		1	1	1	1	3	1	
Lang-60		4	4	11	9	9	9	
Lang-61		9	9	9	4	22	12	
Lang-62		5	5	6	1	23	2	
Lang-63		1	1	1	1	15	6	
Lang-64		1	1	1	1	32	1	
Lang-65		6	6	6	13	7	1	
Chart-1		29	25	61	31	573	43	
Chart-2		95	95	95	97	78	1	
Chart-3		6	6	6	12	121	6	
Chart-5		4	5	6	6	41	5	
Chart-6		12	12	12	28	24	25	
Chart-7		55	56	56	91	104	77	
Chart-8		9	9	9	6	46	19	
Chart-9		12	12	14	16	15	45	
Chart-10		3	3	3	2	17	3	
Chart-11		10	10	10	2	17	17	
Chart-12		16	16	23	197	34	54	
Chart-13		48	47	49	81	53	34	
Chart-15		34	25	348	67	549	320	
Chart-16		1	1	1	1	2	4	
Chart-17		2	2	2	1	14	8	
Chart-18		3	3	3	3	2	3	
Chart-19		38	50	120	63	200	72	
Chart-20		5	5	15	38	6	1	
Chart-21		6	6	6	8	36	6	
Chart-22		17	17	17	21	4	11	
Chart-23		236	238	238	147	10	47	
Chart-24		3	3	3	3	1	1	
Chart-25		2724	2717	2718	2611	1410	2399	
Math-1		2	2	7	1	176	10	
Math-2		43	43	43	37	96	51	
Math-3		8	8	8	7	6	14	
Math-4		38	32	34	12	5	11	
Math-5		1	1	1	2	12	10	
Math-6		17	18	18	60	31	36	
Math-7		38	26	200	90	191	160	
Math-8		3	3	10	1	74	10	
Math-9		1	1	1	3	58	1	
Math-10		3	3	4	14	11	1	
Math-11		114	114	116	189	117	149	
Math-12		197	203	208	180	21	201	
Math-13		166	160	160	143	179	90	
Math-14		99	93	93	87	119	57	
Math-15		562	585	74	127	440	508	
Math-16		2	597	94	563	284	686	
Math-17		101	83	95	308	276	119	
Math-18		357	370	609	220	306	14	
Math-19		355	60	70	159	395	292	
Math-20		306	312	463	914	89	82	
Math-21		44	45	45	31	6	22	
Math-22		9	9	4	21	28	40	
Math-23		126	132	141	69	72	89	
Math-24		147	149	149	28	113	53	
Math-25		2	2	3	7	3	10	
Math-26		36	36	37	76	212	22	
Math-27		1	1	2	1	30	1	
Math-28		14	14	14	15	80	10	
Math-29		187	188	188	188	23	174	
Math-30		65	65	65	19	159	64	
Math-31		27	29	29	22	190	20	
Math-32		2	1	128	9	1284	791	
Math-33		50	32	74	249	32	82	
Math-34		1	1	1	1	7	5	
Math-36		9	9	9	228	32	29	
Math-37		139	135	135	113	4	58	
Math-38		8	8	8	2	2	10	
Math-39		256	203	237	415	451	56	
Math-40		33	33	33	20	70	78	
Math-41		39	91	23	47	33	63	
Math-42		32	40	40	30	21	14	
Math-43		34	35	35	17	42	120	
Math-44		9	8	58	158	197	96	
Math-45		2	2	2	5	5	7	
Math-46		1	1	1	1	9	3	
Math-47		2	2	2	2	3	1	
Math-48		717	646	676	40	399	156	
Math-49		4	3	54	7	2	70	
Math-50		1	1	2	1	137	5	
Math-51		28	28	30	25	221	22	
Math-52		8	8	30	8	213	126	
Math-53		2	2	2	3	17	5	
Math-54		13	13	26	229	54	28	
Math-55		1	1	1	1	18	3	
Math-56		20	20	22	11	5	4	
Math-57		10	10	10	158	135	27	
Math-58		665	627	702	246	558	631	
Math-59		2	668	176	76	21	776	
Math-60		35	28	5	15	38	123	
Math-61		8	386	43	8	169	46	
Math-62		325	325	325	80	1222	300	
Math-63		1	1	1	2	3	9	
Math-64		52	25	29	16	13	90	
Math-65		4	3	2	2	75	172	
Math-66		9	10	10	4	4	11	
Math-67		11	11	11	72	490	12	
Math-68		124	125	125	122	15	135	
Math-69		5	5	6	15	208	12	
Math-70		1	1	1	1	14	10	
Math-71		1	2	2	2	84	14	
Math-72		1	1	1	1	41	9	
Math-73		2	2	12	5	81	62	
Math-74		696	576	800	270	861	757	
Math-75		1	1	1	1	22	9	
Math-76		38	44	48	23	5	7	
Math-78		60	67	67	58	126	110	
Math-79		32	32	32	25	15	2	
Math-80		14	14	21	5	118	156	
Math-81		37	88	62	17	99	186	
Math-82		224	225	225	167	57	66	
Math-83		6	6	7	35	93	43	
Math-84		9	9	9	1	4	9	
Math-85		86	74	91	53	60	6	
Math-86		1	1	1	2	1	9	
Math-87		111	111	111	69	224	101	
Math-88		1	1	1	1	88	7	
Math-91		1	1	1	1	28	4	
Math-92		1	1	1	7	1	15	
Math-93		2	2	2	2	1	3	
Math-94		17	17	17	20	20	1	
Math-95		2	2	3	2	79	13	
Math-96		6	6	6	9	2	15	
Math-97		1	1	1	1	7	35	
Math-99		9	9	9	12	11	3	
Math-100		13	13	13	7	110	7	
Math-101		20	39	15	41	27	52	
Math-102		3	4	6	2	17	1	
Math-103		33	21	40	38	21	22	
Math-104		55	41	56	53	37	2	
Math-105		5	5	5	16	25	19	
Math-106		2	2	10	6	63	18	
Mockito-1		2	2	4	2	142	146	
Mockito-2		2	2	3	2	2	1	
Mockito-3		1	1	26	79	576	88	
Mockito-4		270	324	321	323	107	314	
Mockito-5		28	28	28	37	2	53	
Mockito-6		225	273	299	151	833	240	
Mockito-7		569	604	604	537	224	631	
Mockito-8		20	17	27	25	58	22	
Mockito-9		217	231	269	435	503	72	
Mockito-10		23	16	21	7	186	34	
Mockito-11		1	1	1	1	14	17	
Mockito-12		2	2	2	1563	28	13	
Mockito-13		247	223	266	169	56	308	
Mockito-14		77	35	137	19	215	50	
Mockito-15		235	149	172	101	192	136	
Mockito-16		151	140	43	128	172	47	
Mockito-17		4	4	4	2	6	13	
Mockito-18		12	12	12	88	140	197	
Mockito-20		73	68	68	155	327	187	
Mockito-21		1	1	1	1	68	3	
Mockito-22		9	10	10	12	173	52	
Mockito-23		9	8	60	12	35	57	
Mockito-24		1	1	17	53	567	18	
Mockito-25		43	40	7	12	145	110	
Mockito-27		59	51	51	87	54	59	
Mockito-28		501	490	490	500	122	330	
Mockito-29		27	27	39	7	471	369	
Mockito-30		3	3	3	31	97	35	
Mockito-31		191	183	183	135	15	92	
Mockito-32		1	1	19	169	139	201	
Mockito-33		51	49	49	30	239	41	
Mockito-34		384	376	376	183	59	104	
Mockito-35		14	11	28	88	57	78	
Mockito-36		4	6	6	28	106	30	
Mockito-37		2	2	2	4	24	15	
Mockito-38		58	44	3	43	1	36	
Time-1		2	2	8	27	133	23	
Time-2		24	10	198	394	418	277	
Time-3		1	1182	263	633	1581	372	
Time-4		16	15	153	858	1660	63	
Time-5		2	2	166	87	546	71	
Time-6		18	15	99	162	355	416	
Time-7		15	1351	302	897	1830	154	
Time-8		22	24	59	2	297	65	
Time-9		3	2	42	6	191	16	
Time-10		271	1081	335	433	210	637	
Time-11		284	278	7	15	274	218	
Time-12		547	530	560	488	403	591	
Time-13		1139	301	556	245	504	53	
Time-14		5	5	256	722	1669	153	
Time-16		6	6	263	301	891	814	
Time-17		1	1	157	75	277	12	
Time-18		3	3	63	53	805	22	
Time-19		148	794	44	701	737	414	
Time-20		290	232	378	26	959	192	
Time-21		1	1	116	26	34	7	
Time-22		6	6	121	156	490	431	
Time-23		5	5	5	1	33	3	
Time-24		154	156	334	265	1775	932	
Time-25		174	118	415	41	1370	756	
Time-26		329	248	361	899	374	556	
Time-27		281	217	223	364	278	44	
