Chart-1	208	268	348	
Chart-3	18	108	36	
Chart-6	11	104	22	
Chart-7	1	2	22	
Chart-9	2	1	17	
Chart-12	434	377	479	
Chart-15	503	552	825	
Chart-19	348	365	484	
Chart-1	479	448	546	344	581	599	
Chart-1	512	532	532	386	272	336	
Chart-1	419	430	430	566	18	420	
Chart-3	53	60	60	30	76	33	
Chart-6	108	120	126	110	121	3	
Chart-7	52	52	52	40	44	1	
Chart-8	19	19	19	38	26	31	
Chart-9	170	110	110	55	69	13	
Chart-12	482	499	499	395	399	422	
Chart-15	729	761	762	904	183	957	
Chart-1	555	549	549	427	206	399	
Chart-3	141	143	116	124	17	59	
Chart-6	127	128	114	95	20	2	
Chart-7	127	127	124	113	31	81	
Chart-8	36	40	29	40	26	20	
Chart-9	1	1	2	9	109	2	
Chart-12	529	524	521	535	437	402	
Chart-15	964	963	964	940	516	1019	
Chart-19	654	662	644	572	198	506	
Chart-20	55	56	56	74	40	42	
Chart-21	90	104	65	46	50	18	
Chart-25	57	57	261	1634	3359	1	
===============================================================
Chart-1	560	556	554	386	197	453	
Chart-1		540	527	542	373	139	566	
Chart-3		144	144	141	96	13	130	
Chart-3		141	141	128	136	80	41	lr=1e-3  batch_size=16	
Chart-3		100	125	81	52	59	56	lr=1e-4  batch_size=16	
Chart-3		143	143	143	141	75	88	lr=4e-4  batch_size=16
Chart-3		143	143	135	143	50	133	lr=1e-4  batch_size=16  epoch=1500	
Lang-3		38	38	38	47	7	26	
Lang-6		2	2	18	1	117	27	
Lang-10		17	16	16	37	58	62	
Lang-17		8	8	9	12	42	7	
Lang-26		11	11	7	13	72	101	
Lang-32		66	65	57	65	10	1	
Lang-33		51	47	32	23	61	4	
Lang-38		135	138	49	59	72	92	
Lang-39		55	55	3	47	16	1	
Lang-42		152	152	152	137	80	2	
Lang-49		22	17	6	9	25	26	
Lang-60		27	26	23	31	29	1	
Lang-63		112	114	111	96	62	6	
Lang-64		48	48	47	31	18	23	
Mockito-3		942	929	934	812	905	566	
Mockito-6		802	814	782	838	388	63
================ compare test ==========================================	
Lang-3		38	38	38	50	7	1	
Lang-6		18	18	19	11	82	29	
Lang-10		14	15	13	13	52	45	
Lang-17		7	7	8	7	133	6	
Lang-26		11	11	7	12	30	94	
Lang-32		67	66	59	32	37	1	
Chart-1		45	44	39	9	440	22	
Chart-2		84	85	93	12	109	65	
Chart-3		1	1	2	14	23	7	
Chart-1		37	37	36	
Chart-2		48	55	90	
Chart-3		6	6	6	
Chart-5		7	8	6	
Chart-6		105	107	104	
Chart-7		105	83	106	
Chart-8		7	7	10	
Chart-9		13	13	13	
Chart-10		3	3	3	
Chart-11		9	8	13	
Chart-5		3	3	5	
Chart-6		105	107	103	
Chart-7		73	84	72	
Chart-8		12	11	14	
Chart-9		18	17	16	
Chart-10		3	3	3	
Chart-11		5	4	8	
Chart-12		7	7	17	
Chart-13		38	37	48	
Chart-14		5	5	6	
Chart-15		40	40	20	
Chart-16		1	1	2	
Chart-17		4	4	4	
Chart-18		2	1	4	
Chart-19		6	6	1	
Chart-20		79	78	33	
Chart-21		12	13	9	
Chart-22		9	11	11	
Chart-23		89	107	114	
Chart-24		1	1	3	
Mockito-1		2	2	2	
Mockito-2		10	11	25	
Mockito-3		3	4	24	
Mockito-2		19	18	27	21	170	7	
Lang-1		1	1	2	3	3	4	
Lang-2		22	22	22	17	14	22	
Lang-3		6	6	3	5	18	22	
Lang-4		4	4	3	4	6	4	
Lang-1		1	1	2	4	7	1	
Lang-2		23	23	23	21	13	22	
Lang-3		24	24	4	4	3	11	
Lang-4		5	5	4	3	2	14	
Lang-5		5	5	1	1	2	4	
Lang-6		77	81	101	83	84	83	
Lang-7		83	83	124	55	68	66	
Lang-8		30	31	30	50	94	61	
Lang-9		192	200	187	182	167	202	
Lang-10		67	70	85	71	145	127	
Lang-11		6	6	9	11	14	1	
Lang-12		5	6	8	6	9	9	
Lang-13		23	22	20	24	2	26	
Lang-14		12	11	15	5	5	9	
Lang-15		172	196	215	221	5	87	
Lang-16		21	21	28	74	89	25	
Lang-17		108	118	114	59	111	112	
Lang-18		7	6	46	10	170	116	
Lang-19		6	6	4	3	6	1	
Lang-20		9	8	12	4	20	5	
Lang-21		5	5	2	2	13	8	
Lang-22		45	46	48	23	68	53	
Lang-23		56	56	65	23	109	37	
Lang-24		114	109	64	8	84	124	
Lang-25		12	12	13	5	12	7	
Lang-26		13	15	12	47	61	88	
Lang-27		14	15	124	50	51	79	
Lang-28		1	1	1	2	1	6	
Lang-29		1	1	1	1	57	11	
Lang-30		3	4	4	2	2	6	
Lang-31		3	3	4	2	16	9	
Lang-32		5	6	12	14	45	48	
Lang-33		7	7	7	10	28	5	
Lang-34		188	187	205	135	371	199	
Lang-35		10	9	2	4	9	8	
Lang-36		24	24	93	14	34	89	
Lang-37		4	4	6	9	29	2	
Lang-38		7	7	3	1	114	20	
Lang-39		24	24	28	8	8	29	
Lang-40		2	2	2	4	14	12	
Lang-41		8	8	10	10	2	5	
Lang-42		22	21	19	20	106	21	
Lang-43		5	5	6	2	9	3	
Lang-44		12	12	14	8	17	1	
Lang-45		8	8	8	14	20	12	
Lang-46		1	1	1	1	8	5	
Lang-47		3	3	2	3	5	1	
Lang-48		6	6	6	2	2	5	
Lang-49		4	4	1	1	7	9	
Lang-50		11	11	2	1	123	1	
Lang-51		16	16	14	18	3	21	
Lang-52		11	11	17	27	7	9	
Lang-53		13	13	17	26	20	3	
Lang-54		1	1	6	9	18	5	
Lang-55		10	10	10	11	5	12	
Lang-56		57	67	32	34	15	65	
Lang-57		6	6	6	3	10	13	
Lang-58		9	9	10	16	3	27	
Lang-59		6	6	3	7	6	6	
Lang-60		2	2	2	1	3	4	
Lang-61		20	22	22	25	33	35	
Lang-62		1	1	2	3	7	8	
Lang-63		3	3	1	2	8	2	
Lang-64		1	1	4	1	11	3	
Lang-65		11	10	12	12	8	1	
Chart-1		39	39	37	19	417	26	
Chart-2		57	65	92	44	5	30	
Chart-3		5	5	5	17	29	9	
Chart-5		2	2	5	15	12	10	
Chart-6		104	107	104	76	105	110	
Chart-7		28	29	49	35	28	39	
Chart-8		8	8	5	3	38	18	
Chart-9		21	19	16	40	116	8	
Chart-10		3	3	3	2	53	6	
Chart-11		4	5	4	5	24	14	
Chart-12		18	15	19	26	496	90	
Chart-13		41	40	48	85	191	3	
Chart-14		2	2	6	3	61	16	
Chart-16		1	1	2	2	8	4	
Chart-17		2	2	2	2	20	19	
Chart-18		2	2	4	3	1	3	
Chart-19		2	1	1	5	594	14	
Chart-20		79	79	34	43	9	3	
Chart-21		4	4	6	4	33	10	
Chart-22		12	11	11	2	19	5	
Chart-23		265	237	269	285	169	213	
Chart-24		3	3	3	3	7	1	
====================  adjust Lang ===============================
Lang-11		12	12	10	8	14	13	
Lang-11		3	3	4	4	15	11	
Lang-12		4	5	7	3	11	5	
Lang-14		11	11	13	11	14	5	
Lang-18		22	22	44	19	162	98	
Lang-14		11	12	13	11	16	12	
Lang-18		18	19	47	18	131	147	
Lang-19		4	5	4	4	10	3	
Lang-21		6	6	2	2	16	11	
Lang-25		9	10	9	8	8	1	
Lang-14		12	12	14	12	10	11	
Lang-18		33	36	44	14	132	30	
Lang-65		7	7	7	8	8	1	
Lang-65		5	5	7	7	5	2	
Lang-55		9	9	10	13	2	18	
Lang-55		7	8	11	12	12	7	
Lang-55		7	7	9	8	7	11	
Lang-49		3	3	1	4	4	16	
Lang-44		1	1	2	2	15	13	
Lang-25		14	13	14	13	15	8	
Lang-25		9	9	10	6	10	9	
Lang-25		15	15	15	14	5	14	
Lang-25		15	15	15	13	12	13	
Lang-25		15	15	15	14	12	9	
Lang-21		2	2	2	2	3	8	
Math-1		4	4	7	8	74	36	
Math-2		61	52	60	35	134	46	
Math-4		8	6	13	12	63	15	
Math-4		17	16	18	26	26	18	
Math-5		1	1	1	1	9	10	
Math-7		51	52	44	91	43	16	
Math-8		1	1	3	2	72	2	
Math-9		1	1	1	3	92	3	
Math-10		16	17	8	30	126	58	
Math-11		71	71	81	243	409	175	
Math-13		62	62	67	138	194	36	
Math-14		111	107	108	127	14	92	
Math-17		90	91	87	67	615	92	
Math-18		434	602	380	438	11	543	
Math-19		48	46	62	173	472	53	
Math-20		480	494	537	629	517	596	
Math-21		11	11	44	28	7	3	
Math-22		5	5	1	3	25	15	
Math-23		181	177	149	7	124	97	
Math-22		2	1	1	1	84	13	
Math-23		188	185	149	127	32	162	
Math-24		193	184	151	123	210	184	
Math-25		50	47	51	61	12	46	
Math-26		31	31	27	45	308	17	
Math-27		4	2	1	1	62	9	
Math-28		14	14	18	19	67	13	
Math-29		3	3	2	3	49	20	
Math-30		303	303	92	144	90	217	
Math-31		202	202	203	73	360	36	
Math-32		1	1	2	44	1085	24	
Math-33		248	119	118	192	275	45	
Math-34		3	3	3	1	36	7	
Math-35		1	1	2	10	1	7	
Math-36		1	1	1	1	17	1	
Math-37		1	1	3	1	17	34	
Math-38		13	13	8	4	29	1	
Math-39		238	155	236	423	264	208	
Math-40		49	48	34	17	24	59	
Math-41		21	20	22	41	29	18	
Math-42		24	20	41	67	232	52	
Math-43		181	185	159	55	304	98	
Math-44		10	9	12	136	465	13	
Math-45		10	10	10	7	3	4	
Math-46		3	3	2	2	266	4	
Math-47		1	1	5	2	5	31	
Math-48		318	323	355	9	343	352	
Math-49		2	2	4	6	211	7	
Math-50		1	1	1	1	272	1	
Math-51		123	49	43	67	304	40	
Math-52		23	23	15	27	25	38	
Math-53		6	6	6	3	14	9	
Math-54		26	22	24	54	64	34	
Math-55		4	4	2	1	3	3	
Math-56		17	17	20	3	61	6	
Math-57		8	8	10	49	194	319	
Math-58		1129	1029	1141	885	192	871	
Math-60		36	35	39	39	277	42	
Math-61		107	107	8	42	24	265	
Math-62		325	325	325	327	70	198	
Math-63		1	2	1	5	11	6	
Math-64		32	36	37	9	132	126	
Math-65		14	14	4	55	157	20	
Math-66		36	225	505	113	10	212	
Math-67		11	11	11	36	240	297	
Math-68		127	127	129	56	40	123	
Math-69		10	11	13	18	224	9	
Math-70		1	1	1	4	12	7	
Math-71		1	1	1	2	279	54	
Math-72		2	2	1	1	8	1	
Math-73		19	18	2	4	46	19	
Math-74		129	141	122	2	21	721	
Math-75		5	3	1	2	26	8	
Math-76		66	71	49	53	157	38	
Math-77		1	1	13	4	21	13	
Math-78		155	140	134	85	124	117	
Math-79		2	2	30	17	36	5	
Math-80		2	2	14	26	398	75	
Math-81		26	26	10	40	239	11	
Math-82		39	43	48	138	109	99	
Math-83		25	19	25	133	31	27	
Math-84		12	17	33	44	1	5	
Math-85		66	74	64	59	8	3	
Math-86		127	140	124	49	27	117	
Math-87		76	74	108	70	70	2	
Math-88		2	3	5	2	1	7	
Math-89		1	1	1	1	7	5	
Math-90		3	3	5	8	14	13	
Math-91		1	1	1	2	3	1	
Math-92		8	8	2	4	4	8	
Math-93		2	2	2	6	3	2	
Math-94		24	24	24	21	21	1	
Math-95		6	6	7	4	69	4	
Math-96		6	6	5	12	9	5	
Math-97		2	2	2	1	3	4	
Math-98		13	13	15	26	19	11	
Math-99		2	2	4	2	2	3	
Math-100		8	8	14	12	40	5	
Math-101		6	6	8	16	16	1	
Math-102		2	2	5	1	61	3	
Math-103		45	49	38	60	50	72	
Math-104		59	62	63	63	61	56	
Math-105		15	16	16	15	6	4	
Math-106		6	6	8	11	4	4	
Lang-21		1	1	2	2	12	13	
Mockito-2		17	18	28	20	226	24	
Mockito-3		4	5	17	2	196	3	
Mockito-4		1	1	1	3	216	4	
Mockito-5		27	26	28	8	6	9	
Mockito-6		2	2	1	2	100	1	
Mockito-7		557	603	627	642	288	639	
Mockito-8		25	32	26	43	47	45	
Mockito-9		476	437	523	49	532	81	
Mockito-10		10	11	9	17	112	23	
Mockito-11		1	1	1	1	217	2	
Mockito-12		2	2	2	11	87	61	
Mockito-13		93	94	92	56	312	45	
Mockito-14		110	114	103	66	184	284	
Mockito-15		69	83	96	135	62	121	
Mockito-16		6	7	6	4	66	163	
Mockito-17		7	5	4	11	28	36	
Mockito-18		6	8	5	70	82	37	
Mockito-20		463	456	492	433	626	239	
Mockito-21		1	1	1	1	14	1	
Mockito-22		15	15	15	82	122	71	
Mockito-23		8	8	16	33	269	16	
Mockito-24		1	1	1	1	247	6	
Mockito-25		59	68	75	15	89	155	
Mockito-26		288	292	289	528	729	692	
Mockito-27		4	5	13	27	175	62	
Mockito-28		551	557	527	505	290	492	
Mockito-29		38	37	30	1	551	53	
Mockito-30		121	81	3	75	63	2	
Mockito-31		176	180	168	154	36	109	
Mockito-32		10	9	3	55	589	347	
Mockito-33		306	293	302	249	189	400	
Mockito-34		154	151	148	75	129	142	
Mockito-35		3	3	1	4	109	4	
Mockito-36		211	216	209	338	174	242	
Mockito-37		58	57	80	286	227	334	
Mockito-38		9	8	11	33	55	14	
Time-1		6	6	3	2	135	7	
gzip-1		103	107	111	51	3	187	
gzip-2		4	4	5	5	12	6	
gzip-3		127	139	160	195	42	178	
gzip-4		16	16	16	15	4	5	
gzip-5		131	132	54	68	43	57	
python-1		7	7	6	8	6	3	
python-2		65	67	68	83	59	14	
python-3		328	328	328	323	155	1	
python-4		81	77	28	8	116	85	
libtiff-1		437	458	427	247	112	494	
libtiff-2		3	3	5	2	41	2	
libtiff-3		9	12	9	8	9	4	
libtiff-4		2	2	3	1	1	1	
libtiff-5		1	1	1	6	447	7	
libtiff-6		753	753	753	1476	224	1341	
libtiff-7		11	11	8	7	90	1	
Time-5		10	9	72	80	898	35	
Time-6		4	3	16	88	656	309	
Lang-1		2	2	3	2	9	2	
Lang-2		19	20	22	21	21	30	
Lang-3		14	13	3	2	2	4	
Lang-4		5	5	5	2	9	2	
Lang-5		1	1	1	1	3	3	
Lang-6		113	114	103	105	69	85	
Lang-7		45	45	62	44	11	57	
Lang-8		39	39	39	58	296	36	
Lang-9		170	173	174	146	172	194	
Lang-10		75	78	87	26	20	167	
Lang-11		2	2	3	2	11	4	
Lang-12		4	5	7	3	1	5	
Lang-13		29	29	24	26	11	20	
Lang-14		13	13	14	11	11	10	
Lang-15		55	132	221	82	249	76	
Lang-16		64	64	45	55	53	60	
Lang-17		78	78	102	75	86	61	
Lang-18		33	32	46	13	5	112	
Lang-19		9	10	10	3	2	1	
Lang-20		14	14	8	8	6	8	
Lang-21		3	3	2	1	13	2	
Lang-22		18	22	38	28	46	28	
Lang-23		59	59	59	78	108	88	
Lang-24		134	134	64	117	19	5	
Lang-25		10	10	10	8	10	6	
Lang-26		23	23	15	88	29	57	
Lang-27		54	54	131	50	57	106	
Lang-28		5	5	2	7	14	2	
Lang-29		2	2	1	1	57	3	
Lang-30		7	7	6	1	1	7	
Lang-31		6	6	6	2	18	5	
Lang-32		21	21	21	44	47	16	
Lang-33		1	1	7	8	8	14	
Lang-34		106	163	196	41	92	194	
Lang-35		5	5	2	2	1	2	
Lang-36		5	5	93	28	6	108	
Lang-37		1	1	6	9	7	4	
Lang-38		7	7	3	5	28	6	
Lang-39		41	41	40	27	20	38	
Lang-40		6	6	6	2	12	12	
Lang-41		7	7	8	8	6	2	
Lang-42		1	1	20	14	119	3	
Lang-43		6	6	6	6	10	2	
Lang-44		7	7	6	18	13	4	
Lang-45		16	16	8	11	23	11	
Lang-46		1	1	1	1	4	9	
Lang-47		5	5	4	3	1	2	
Lang-48		6	6	6	7	7	8	
Lang-49		3	3	1	4	10	22	
Lang-50		9	9	2	3	24	1	
Lang-51		14	14	14	14	11	22	
Lang-52		21	21	25	14	8	5	
Lang-53		7	8	10	11	8	3	
Lang-54		9	9	8	8	1	18	
Lang-55		10	12	12	10	4	16	
Lang-56		27	28	32	56	35	31	
Lang-57		6	6	6	3	4	16	
Lang-58		5	5	6	2	14	9	
Lang-59		1	1	3	8	6	2	
Lang-60		1	1	1	3	8	22	
Lang-61		19	19	22	21	11	17	
Lang-62		2	2	2	2	15	1	
Lang-63		1	1	1	1	1	2	
Lang-64		2	2	2	2	17	6	
Lang-65		7	7	9	11	1	3	
Chart-1		23	27	31	18	466	25	
Chart-2		44	50	91	16	106	17	
Chart-3		21	20	12	98	133	11	
Chart-5		6	4	6	8	5	16	
Chart-6		107	107	105	86	15	80	
Chart-7		62	69	68	79	67	21	
Chart-8		15	15	14	14	35	13	
Chart-9		5	5	4	14	49	13	
Chart-10		3	3	3	1	36	14	
Chart-11		16	16	18	8	18	13	
Lang-19		1	1	6	3	7	12	
Lang-19		7	9	11	9	8	1	
Lang-19		6	7	8	4	1	2	
Lang-19		2	4	6	4	5	10	
Lang-30		2	2	2	7	1	5	
Lang-31		2	1	3	7	20	5	
Lang-40		9	9	8	10	15	8	
Lang-43		3	3	6	3	27	1	
Lang-44		11	11	11	20	16	19	
Lang-47		1	1	2	5	9	2	
Chart-1		57	55	38	19	455	10	
Chart-2		56	62	91	24	77	69	
Chart-3		8	8	8	19	27	5	
Chart-5		2	2	6	20	4	2	
Chart-6		99	99	101	84	13	69	
Chart-7		118	118	112	31	28	31	
Chart-8		8	8	8	7	22	20	
Chart-9		12	12	11	26	102	8	
Chart-10		3	3	3	2	28	11	
Chart-11		2	2	4	5	17	23	
Chart-12		37	37	22	85	261	32	
Chart-13		38	38	48	26	252	64	
Chart-13		70	70	48	21	191	57	
Chart-14		2	2	6	3	217	4	
Chart-15		43	38	21	18	834	11	
Chart-16		1	1	2	2	34	2	
Chart-17		11	7	6	3	26	10	
Chart-18		3	3	4	4	6	1	
Chart-19		1	1	1	2	613	12	
Chart-20		80	79	34	75	52	1	
Chart-21		20	20	13	12	8	29	
Chart-22		1	1	11	10	6	5	
Chart-23		116	116	169	81	261	145	
Chart-24		3	3	3	4	5	5	
Chart-25		3084	2943	163	237	2021	166	
Time-4		26	26	27	40	1647	38	
Time-5		2	3	72	19	820	10	
Time-6		11	10	16	24	416	200	
Time-6		93	75	22	19	1022	149	
Time-8		6	7	26	6	223	34	
Time-9		12	10	3	3	238	9	
Time-10		221	220	209	242	1106	210	
Time-11		255	257	415	73	759	69	
Time-12		3	3	2	6	42	11	
Time-13		349	349	344	324	472	412	
Time-15		6	5	7	6	1	16	
Math-4		9	9	9	4	18	7	
Math-22		16	9	1	1	10	24	
Math-44		196	159	18	14	550	113	
Math-4		6	7	8	8	14	16	
Math-22		3	3	1	2	102	9	
Math-44		4	6	18	30	376	8	
Math-45		6	6	6	2	6	11	
Math-53		7	7	6	6	12	7	
Math-55		2	2	1	1	12	30	
Math-57		3	3	5	58	13	338	
Math-65		15	15	4	2	124	29	
Math-67		11	11	11	11	248	195	
Math-69		81	73	49	136	224	76	
Math-92		11	11	4	2	6	8	
Math-95		2	2	3	3	87	5	
Math-96		4	5	5	6	1	8	
Math-100		7	7	11	13	33	6	
Math-101		39	38	36	42	8	11	
Math-106		7	7	6	6	1	7	
Math-4		33	25	21	4	1	15	
Math-22		7	7	1	1	71	36	
Math-44		46	41	16	22	471	10	
Math-45		2	2	2	6	5	10	
Math-53		5	4	5	7	3	4	
Math-55		1	1	1	1	8	20	
Math-57		266	266	258	215	188	151	
Math-65		15	15	4	47	250	41	
Math-67		11	11	11	71	251	259	
Math-69		11	11	12	16	158	69	
Math-92		4	5	4	3	1	5	
Math-95		2	2	3	5	85	9	
Math-96		9	9	6	12	1	6	
Math-100		1	1	7	3	44	6	
Math-101		36	34	29	39	25	31	
Math-106		2	2	2	4	19	5	
Math-1		22	19	11	13	335	42	
Math-2		46	48	47	65	20	56	
Time-17		2	2	1	3	685	30	
Time-18		17	9	5	7	105	19	
Time-22		30	25	17	4	430	28	
Time-23		14	14	17	1	52	1	
Time-24		595	567	486	583	1078	155	
Time-27		296	301	317	516	701	438	
space-6		7	7	149	6	606	419	
Chart-1		23	28	31	15	623	27	
Chart-2		16	20	90	25	94	9	
Chart-3		7	7	7	9	76	7	
Chart-5		1	1	5	11	4	5	
Chart-6		105	104	103	82	88	91	
Chart-7		24	24	44	21	5	49	
Chart-8		7	7	7	13	26	17	
Chart-9		6	6	6	15	83	5	
Chart-10		3	3	3	1	4	11	
Chart-11		18	18	19	8	19	24	
Chart-12		31	30	17	77	450	5	
Chart-13		7	7	48	120	190	10	
Chart-14		6	6	6	10	134	11	
Chart-15		34	34	14	23	1006	18	
Chart-16		1	1	2	2	23	2	
Chart-17		1	1	6	2	23	7	
Chart-18		2	2	4	1	11	5	
Chart-19		4	3	1	2	74	16	
Chart-20		78	59	34	63	6	1	
Chart-21		9	9	8	12	1	12	
Chart-22		8	8	11	2	8	1	
Chart-23		140	140	182	222	99	173	
Chart-24		1	1	3	3	2	7	
Chart-25		3064	2915	163	1	1323	409	
Lang-1		3	2	3	4	16	1	
Lang-2		13	17	19	14	14	26	
Lang-3		9	9	3	5	24	11	
Lang-4		1	2	2	2	15	4	
Lang-5		4	4	1	7	3	1	
Lang-6		29	32	97	43	66	70	
Lang-7		25	25	81	30	30	104	
Lang-8		58	54	45	151	89	54	
Lang-9		122	131	151	196	209	180	
Lang-10		57	60	87	13	178	101	
Lang-11		10	10	10	9	12	16	
Lang-12		4	5	7	6	6	2	
Lang-13		19	22	22	16	2	21	
Lang-14		10	11	14	15	8	6	
Lang-15		179	244	217	97	32	168	
Lang-16		30	30	38	86	48	54	
Lang-17		57	58	90	30	123	118	
Lang-18		69	65	53	20	166	10	
Lang-19		3	4	7	11	8	2	
Lang-1		5	4	4	3	13	6	
Lang-2		15	16	20	13	21	30	
Lang-3		16	16	4	7	14	7	
Lang-4		4	4	3	6	9	6	
Lang-5		1	1	1	1	1	1	
Lang-6		83	82	101	109	112	55	
Lang-7		15	15	151	72	34	25	
Lang-8		19	21	26	50	115	22	
Lang-9		164	171	174	150	180	169	
Lang-10		127	125	90	92	191	84	
Lang-11		11	11	11	14	1	10	
Lang-12		4	5	7	5	10	8	
Lang-13		26	26	22	24	2	29	
Lang-14		12	12	14	8	16	12	
Lang-15		169	169	216	235	235	322	
Lang-16		13	13	32	50	83	76	
Lang-17		97	101	110	54	66	76	
Lang-18		57	56	50	88	233	46	
Lang-19		3	4	6	6	7	2	
Lang-20		5	5	10	4	14	9	
Lang-21		4	4	2	1	13	3	
Lang-22		27	27	46	35	2	19	
Lang-23		67	67	67	32	28	23	
Lang-24		56	56	64	43	81	9	
Lang-25		4	4	5	6	11	3	
Lang-26		17	18	14	12	3	57	
Lang-27		4	4	125	126	45	45	
Lang-28		2	2	1	4	2	1	
Lang-29		2	2	1	1	41	5	
Lang-30		1	1	6	1	1	5	
Lang-31		2	2	4	1	19	5	
Lang-32		9	9	12	17	49	9	
Lang-33		11	11	7	11	15	15	
Lang-34		164	188	205	145	303	225	
Lang-35		3	3	2	1	4	7	
Lang-36		9	9	93	28	65	61	
Lang-37		1	1	6	10	1	9	
Lang-38		6	6	3	8	167	7	
Lang-39		33	33	33	6	43	48	
Lang-40		1	1	1	1	10	8	
Lang-41		7	7	7	6	9	3	
Lang-42		10	10	20	4	129	15	
Lang-43		23	15	6	14	1	1	
Lang-44		7	7	7	4	10	12	
Lang-45		3	3	8	3	15	24	
Lang-46		1	1	1	1	13	5	
Lang-47		1	1	1	1	5	9	
Lang-48		6	6	6	2	1	3	
Lang-49		5	5	1	6	6	13	
Lang-50		2	2	2	3	157	8	
Lang-51		10	10	14	9	7	4	
Lang-52		22	22	27	30	18	12	
Lang-53		19	19	19	7	21	24	
Lang-54		6	6	7	8	7	11	
Lang-55		10	11	11	10	15	17	
Lang-56		79	79	63	53	46	32	
Lang-57		6	6	6	1	3	15	
Lang-58		14	14	14	13	14	12	
Lang-59		1	1	3	2	2	3	
Lang-60		6	4	2	4	19	3	
Lang-61		20	20	21	28	33	21	
Lang-62		3	3	3	5	20	1	
Lang-63		3	3	1	1	5	4	
Lang-64		2	2	2	1	7	3	
Lang-65		5	5	7	12	2	3	
Math-1		6	5	9	9	270	37	
Math-2		57	54	50	48	67	20	
Math-3		8	8	11	3	20	9	
Math-4		2	4	6	2	115	17	
Math-5		3	3	1	4	10	1	
Math-6		263	251	353	532	314	126	
Math-7		16	16	40	18	138	66	
Math-8		1	1	3	1	24	19	
Math-9		1	1	1	2	66	4	
Math-10		81	68	19	102	167	85	
Math-11		246	170	137	162	342	157	
Math-12		431	431	432	440	404	427	
Math-13		158	159	153	152	107	179	
Math-14		94	95	99	134	2	90	
Math-15		165	166	42	650	372	386	
Math-17		99	99	92	59	71	113	
Math-18		297	299	346	121	56	206	
Math-19		246	169	58	267	434	133	
Math-20		839	838	786	351	476	750	
Math-21		1	1	43	27	19	11	
Math-22		2	2	1	1	121	16	
Math-23		85	87	147	116	15	127	
Math-24		219	222	155	200	196	114	
Math-25		69	69	62	36	12	48	
Math-26		24	24	25	28	23	43	
Math-27		2	2	2	1	15	8	
Math-28		15	17	19	19	71	14	
Math-29		2	2	1	2	31	7	
Math-30		22	22	25	10	137	164	
Math-31		201	202	202	42	332	97	
Math-32		5	5	2	1	1371	52	
Math-33		91	85	37	58	294	18	
Math-34		2	2	2	1	35	18	
Math-35		3	2	2	1	13	6	
Math-36		1	1	1	1	29	1	
Math-37		3	3	5	4	14	26	
Math-38		4	4	8	1	79	2	
Math-39		73	75	83	319	94	121	
Math-40		51	46	35	26	35	81	
Math-41		13	13	14	19	27	10	
Math-42		37	37	41	16	186	18	
Math-43		163	168	166	91	135	65	
Math-44		159	135	17	135	681	40	
Math-45		3	3	3	2	6	10	
Math-46		8	7	3	1	194	7	
Math-47		7	7	5	1	185	34	
Math-48		405	360	357	343	394	348	
Math-49		3	3	4	3	219	14	
Math-50		1	1	1	1	298	1	
Math-51		35	35	33	40	87	33	
Math-52		8	8	8	8	153	28	
Math-53		5	5	5	5	4	13	
Math-54		56	52	32	23	32	40	
Math-55		2	2	1	2	11	6	
Math-56		15	15	20	2	282	1	
Math-57		3	3	5	17	339	16	
Math-58		1123	1123	1115	1140	52	1110	
Math-59		642	642	2	439	886	3	
Math-60		26	26	37	28	337	32	
Math-61		237	237	8	5	202	110	
Math-62		325	325	325	4	158	287	
Math-63		1	1	1	3	12	6	
Math-64		25	26	36	41	120	48	
Math-65		7	7	4	6	29	103	
Math-66		32	220	504	129	56	343	
Math-67		11	11	11	181	114	171	
Math-68		135	137	130	78	214	141	
Math-69		25	26	26	43	184	15	
Math-70		1	1	1	1	2	9	
Math-71		5	5	1	2	136	4	
Math-72		7	7	1	2	11	11	
Math-73		4	4	2	2	78	13	
Math-74		661	676	711	147	428	938	
Math-75		2	2	1	2	38	33	
Math-76		55	55	67	56	68	27	
Math-77		9	9	13	15	50	7	
Math-78		142	143	133	51	131	67	
Math-79		3	3	30	10	29	12	
Math-80		16	16	14	8	409	75	
Math-81		14	14	12	26	179	1	
Math-82		161	161	166	97	63	227	
Math-83		19	19	16	32	4	10	
Math-84		18	28	40	9	14	103	
Math-85		40	46	65	40	19	3	
Math-86		69	72	111	25	13	84	
Math-87		53	79	104	22	203	89	
Math-88		18	9	6	3	123	3	
Math-89		1	1	1	1	14	12	
Math-90		2	2	4	2	13	2	
Math-91		2	2	1	2	11	1	
Math-92		6	6	4	5	1	9	
Math-93		5	5	3	2	9	3	
Math-94		19	19	20	8	22	6	
Math-95		2	2	2	2	68	5	
Math-96		5	5	5	5	13	2	
Math-97		1	1	1	1	38	5	
Math-98		14	14	16	7	25	14	
Math-99		3	3	4	3	6	21	
Math-100		6	6	10	26	27	5	
Math-101		13	10	8	14	57	14	
Math-102		1	1	5	3	181	2	
Math-103		32	34	37	18	35	44	
Math-104		61	62	63	63	58	64	
Math-105		14	15	16	25	3	10	
Math-106		5	5	5	5	6	4	
Mockito-1		1	1	2	2	413	791	
Mockito-2		18	21	24	13	170	2	
Mockito-3		39	33	19	5	115	5	
Mockito-4		4	4	1	3	346	6	
Mockito-5		24	24	28	5	88	40	
Mockito-6		1	1	1	1	407	1	
Mockito-7		646	647	647	629	291	646	
Mockito-8		56	52	36	62	64	21	
Mockito-9		594	594	569	519	232	147	
Mockito-10		33	33	13	64	179	38	
Mockito-11		1	1	1	1	144	2	
Mockito-12		2	2	2	1	117	74	
Mockito-13		92	94	94	11	41	364	
Mockito-14		112	112	102	136	194	152	
Mockito-15		145	146	158	142	379	93	
Mockito-16		5	5	4	3	175	10	
Mockito-17		5	4	4	5	12	3	
Mockito-18		13	13	14	161	273	22	
Mockito-20		556	553	542	474	116	241	
Mockito-21		1	1	1	1	3	1	
Mockito-22		15	15	15	145	116	179	
Mockito-23		5	5	11	19	9	10	
Mockito-24		4	4	1	1	308	11	
Mockito-25		6	14	74	27	92	76	
Mockito-26		273	275	280	620	379	574	
Mockito-27		26	25	23	15	198	110	
Mockito-28		389	390	396	202	263	250	
Mockito-29		84	80	31	5	591	437	
Mockito-30		113	58	3	50	8	1	
Mockito-31		195	195	184	133	74	213	
Mockito-32		1	1	1	13	157	158	
Mockito-33		297	296	296	234	297	238	
Mockito-34		147	148	148	266	3	341	
Mockito-35		2	2	4	10	135	6	
Mockito-36		177	181	195	109	213	144	
Mockito-37		66	71	81	152	401	213	
Chart-1		10	17	31	35	52	20	
Chart-2		29	38	93	22	86	12	
Chart-3		18	15	11	10	40	9	
Chart-5		5	5	6	2	47	7	
Time-27		306	308	318	150	8	336	
Time-1		5	5	2	5	193	6	
Time-2		1	1	2	7	1102	1	
Time-3		2	2	1	1	152	1	
Time-4		35	32	28	28	98	10	
Time-5		28	29	72	49	460	48	
Time-6		17	17	18	13	657	326	
Time-8		44	43	29	8	262	8	
Time-9		17	19	3	5	305	14	
Time-10		150	152	204	123	1280	91	
Time-11		315	393	420	353	1054	450	
Time-12		4	3	2	6	5	1	
Time-13		327	331	330	802	219	408	
Time-14		103	68	31	38	230	79	
Time-15		6	6	7	3	12	4	
Time-16		15	12	7	98	176	32	
Time-17		8	7	3	4	827	8	
Time-18		5	5	4	5	1005	19	
Time-19		190	183	175	31	852	266	
Time-20		334	332	321	299	1165	128	
Time-21		5	7	19	33	133	1	
Time-22		3	4	14	17	687	106	
Time-23		2	2	7	2	117	11	
Time-24		494	490	478	439	92	799	
Time-26		1335	1305	1267	829	1854	1603	
Time-25		206	207	207	86	1374	217	
Lang-1		1	1	3	2	2	3	
Lang-2		16	17	21	23	28	19	
Lang-3		4	4	3	6	3	9	
Lang-4		2	3	6	11	2	2	
Lang-5		3	3	1	1	1	3	
Lang-6		75	76	101	128	78	83	
Lang-7		99	99	152	8	19	31	
Lang-8		52	48	44	212	41	19	
Lang-9		138	142	156	38	145	86	
Lang-10		76	82	87	118	203	84	
Lang-11		4	4	7	2	11	14	
Lang-12		4	5	7	4	6	11	
Lang-13		19	21	22	22	6	18	
Lang-14		5	6	12	12	12	5	
Lang-15		147	147	217	51	171	212	
Lang-16		1	1	28	65	83	21	
Lang-17		89	89	107	54	17	98	
Lang-18		41	40	48	44	169	37	
Lang-19		9	9	10	11	6	5	
Lang-20		8	8	6	14	3	5	
Lang-21		2	2	2	2	13	7	
Lang-22		28	30	47	29	12	12	
Lang-23		15	15	15	39	115	89	
Lang-24		41	41	64	9	60	94	
Lang-25		8	8	8	10	11	1	
Lang-26		16	16	14	13	45	55	
Lang-27		189	189	150	108	64	90	
Lang-28		9	9	3	4	2	5	
Lang-29		2	2	1	1	39	6	
Lang-30		1	1	3	1	2	12	
Lang-31		4	4	5	6	23	3	
Lang-32		20	20	23	29	27	8	
Lang-33		6	6	7	6	59	14	
Lang-34		187	203	208	61	8	223	
Lang-35		1	1	2	4	1	2	
Lang-36		54	54	93	15	51	30	
Lang-37		2	2	7	8	4	2	
Lang-38		6	6	3	10	38	10	
Lang-39		45	45	43	34	27	56	
Lang-40		3	3	3	11	15	14	
Lang-41		7	7	8	4	14	3	
Lang-42		20	18	20	2	128	36	
Lang-43		13	6	6	8	26	1	
Lang-44		5	5	5	2	17	4	
Lang-45		9	9	8	10	21	11	
Lang-46		1	1	1	1	8	5	
Lang-47		3	3	1	2	1	7	
Lang-48		6	6	6	8	2	1	
Lang-49		1	1	1	2	32	3	
Lang-50		14	14	2	2	1	19	
Lang-51		13	13	14	19	17	7	
Lang-52		29	30	32	13	13	25	
Lang-53		5	5	8	6	26	14	
Lang-54		6	6	7	8	7	19	
Lang-55		7	7	8	8	21	10	
Lang-56		47	37	33	73	69	58	
Lang-57		6	6	6	2	11	14	
Lang-58		21	21	18	5	15	14	
Lang-59		1	1	3	4	7	2	
Lang-60		6	5	3	1	18	12	
Lang-61		31	29	27	23	28	25	
Lang-62		8	7	3	9	19	7	
Lang-63		4	4	1	1	1	3	
Lang-64		2	2	2	2	46	7	
Lang-65		14	14	16	9	2	3	
Chart-8		1	1	1	1	4	18	
Chart-5		9	9	7	23	2	6	
Chart-6		105	106	105	110	75	77	
Chart-7		41	41	50	38	27	43	
Chart-8		2	2	2	5	34	15	
Chart-9		8	8	7	4	1	18	
Chart-10		3	3	3	2	51	1	
Chart-11		3	3	5	11	22	17	
Chart-12		16	16	16	36	284	8	
Chart-13		10	10	48	70	222	11	
Chart-14		7	7	6	11	66	31	
Chart-15		25	25	18	10	904	73	
Chart-16		1	1	2	1	24	6	
Chart-17		5	5	6	2	1	5	
Chart-18		2	2	4	5	5	2	
Chart-19		5	3	1	1	475	14	
Chart-20		79	72	34	67	40	2	
Chart-21		3	3	7	4	38	9	
Chart-22		5	5	11	3	21	6	
Chart-23		184	184	215	136	217	90	
Chart-24		2	2	3	2	5	6	
Chart-25		3058	2920	163	197	132	196	
Time-15		6	6	7	1	14	10	
Time-17		3	3	3	6	713	4	
Time-18		3	3	4	6	185	18	
Lang-1		3	3	4	1	15	4	
Lang-2		15	15	18	22	17	21	
Lang-3		1	1	4	1	8	17	
Lang-4		7	7	8	9	11	18	
Lang-5		1	1	1	1	5	6	
Lang-6		110	112	104	76	74	80	
Lang-7		48	48	71	7	39	11	
Lang-8		34	35	35	49	295	60	
Lang-9		134	147	167	186	211	152	
Lang-10		96	99	87	29	218	162	
Lang-11		8	8	6	4	10	10	
Lang-12		4	5	7	9	6	5	
Lang-13		20	24	22	19	2	20	
Lang-14		6	10	14	11	8	16	
Lang-15		157	223	208	115	82	204	
Lang-16		29	29	36	33	52	35	
Lang-17		106	107	115	117	1	121	
Lang-18		21	21	42	42	24	103	
Lang-19		9	9	10	7	4	9	
Lang-20		5	5	3	5	9	4	
Lang-21		6	4	2	1	12	1	
Lang-22		17	21	40	31	1	43	
Lang-23		52	52	52	27	27	38	
Lang-24		128	127	64	38	30	79	
Lang-25		2	2	2	2	13	5	
Lang-26		53	40	17	16	54	90	
Lang-27		12	12	124	54	205	104	
Lang-28		30	19	6	3	13	1	
Lang-29		1	1	1	1	55	2	
Lang-30		6	6	3	1	1	4	
Lang-31		3	3	4	2	22	6	
Lang-32		2	3	6	6	60	15	
Lang-33		8	8	7	8	6	3	
Lang-34		137	169	199	72	337	192	
Lang-35		8	7	2	3	3	6	
Lang-36		29	29	93	19	53	56	
Lang-37		2	2	7	6	2	1	
Lang-38		6	6	3	1	75	30	
Lang-39		8	8	11	41	13	37	
Lang-40		9	9	8	8	13	6	
Lang-41		1	1	6	9	14	5	
Lang-42		12	12	20	73	108	14	
Lang-43		19	10	6	9	22	1	
Lang-44		1	1	1	3	18	7	
Lang-45		3	3	8	9	23	14	
Lang-46		2	2	2	1	3	4	
Lang-47		2	2	1	1	6	2	
Lang-48		2	4	6	5	5	9	
Lang-49		1	1	1	3	5	1	
Lang-50		2	2	2	6	126	1	
Lang-51		2	2	14	8	3	9	
Lang-52		19	19	25	16	1	32	
Lang-53		13	14	16	10	34	9	
Lang-54		2	2	6	8	1	11	
Lang-55		5	7	8	10	13	14	
Lang-56		60	44	33	82	70	76	
Lang-57		6	6	6	2	12	16	
Lang-58		24	24	20	27	7	34	
Lang-59		7	6	7	3	5	8	
Lang-60		4	4	1	1	7	5	
Lang-61		33	33	28	43	18	15	
Lang-62		2	2	2	4	25	4	
Lang-63		1	1	1	1	3	3	
Lang-64		1	1	2	1	4	22	
Lang-65		7	7	7	5	4	14	
Lang-1		5	5	4	5	11	3	
Lang-2		12	15	18	20	20	12	
Lang-3		15	14	2	3	8	14	
Lang-4		1	1	5	5	5	3	
Lang-5		8	8	1	8	4	1	
Lang-6		50	70	84	123	76	59	
Lang-7		13	13	62	59	47	33	
Lang-8		44	43	40	57	109	32	
Lang-9		157	168	177	127	21	184	
Lang-10		83	83	88	128	170	82	
Lang-11		11	11	11	6	8	13	
Lang-12		3	4	5	3	4	1	
Lang-1		2	1	1	1	4	12	
Lang-2		12	12	13	13	11	14	
Lang-3		5	5	4	4	4	11	
Lang-4		4	4	3	5	2	2	
Lang-5		1	1	1	1	2	13	
Lang-6		1	1	5	3	9	8	
Lang-7		19	19	28	19	20	5	
Lang-8		11	11	18	32	23	14	
Lang-9		58	59	59	62	28	63	
Lang-10		82	88	106	59	38	48	
Lang-11		8	8	9	7	10	6	
Lang-12		3	4	6	7	9	7	
Lang-13		11	10	11	13	8	7	
Lang-14		11	11	14	14	3	14	
Lang-15		71	125	218	228	20	195	
Lang-16		14	14	14	3	27	17	
Lang-17		17	20	36	21	8	20	
Lang-18		19	18	41	21	8	69	
Lang-19		2	2	2	2	2	1	
Lang-20		2	2	2	2	5	4	
Lang-21		2	2	2	2	7	2	
Lang-22		10	14	19	16	15	16	
Lang-23		23	23	23	61	79	11	
Lang-24		17	17	3	18	20	16	
Lang-25		6	6	6	7	12	14	
Lang-26		17	17	9	19	5	20	
Lang-27		40	40	44	14	57	34	
Lang-28		5	5	2	2	12	6	
Lang-29		14	14	14	1	1	8	
Lang-30		1	1	1	1	8	7	
Lang-31		6	6	6	6	1	1	
Lang-32		5	5	5	4	13	8	
Lang-33		11	11	11	9	6	4	
Lang-34		59	151	179	150	226	167	
Lang-35		11	11	11	1	7	4	
Lang-36		7	7	38	77	16	8	
Lang-37		14	14	14	6	10	16	
Lang-38		1	1	3	1	28	5	
Lang-39		15	15	15	9	8	8	
Lang-40		6	5	1	4	7	1	
Lang-41		1	1	2	5	2	16	
Lang-42		1	1	11	8	10	12	
Lang-43		1	1	1	1	2	1	
Lang-44		3	3	3	15	11	9	
Lang-45		7	7	8	16	6	6	
Lang-46		1	1	1	1	4	1	
Lang-47		11	7	4	16	5	7	
Lang-48		2	2	6	4	10	5	
Lang-49		10	10	6	6	6	2	
Lang-50		1	1	2	1	4	16	
Lang-51		10	10	14	14	6	6	
Lang-52		16	16	8	8	7	2	
Lang-53		6	7	8	5	2	4	
Lang-54		1	1	2	2	7	2	
Lang-55		8	8	8	13	14	10	
Lang-56		20	20	17	16	5	24	
Lang-57		6	6	6	4	15	15	
Lang-58		10	10	10	8	4	4	
Lang-59		2	2	2	5	7	3	
Lang-60		1	1	1	1	3	5	
Lang-61		1	1	1	1	2	7	
Lang-62		1	1	1	1	1	1	
Lang-63		3	3	1	1	10	1	
Lang-64		4	4	1	2	8	16	
Lang-65		9	9	9	10	2	1	
Lang-1		16	7	2	
Lang-2		12	12	14	
Lang-3		6	6	4	
Lang-4		3	3	3	
Lang-5		1	1	1	
Lang-6		1	2	5	
Lang-7		6	6	12	
Lang-1		3	2	2	
Lang-2		15	14	14	
Lang-3		1	1	1	
Lang-4		2	2	4	
Lang-5		1	1	1	
Lang-6		4	4	4	
Lang-7		15	15	20	
Lang-1		4	3	2	
Lang-2		10	11	13	
Lang-3		5	5	3	
Lang-4		4	4	3	
Lang-5		1	1	1	
Lang-6		4	4	4	
Lang-7		1	1	10	
Lang-8		25	25	28	
Lang-9		52	52	52	
Lang-10		44	58	94	
Lang-11		2	2	2	
Lang-12		1	1	2	
Lang-13		4	4	5	
Lang-14		2	2	2	
Lang-15		215	215	216	
Lang-16		12	12	15	
Lang-17		35	32	29	
Lang-18		4	4	42	
Lang-19		2	2	2	
Lang-20		1	1	1	
Lang-21		1	1	2	
Lang-22		4	8	14	
Lang-23		2	2	2	
Lang-24		30	29	3	
Lang-25		5	5	5	
Lang-26		17	15	8	
Lang-27		22	22	35	
Lang-28		6	6	3	
Lang-29		8	8	9	
Lang-1		4	4	2	
Lang-2		16	16	14	
Lang-3		1	1	1	
Lang-4		3	3	3	
Lang-5		1	1	1	
Lang-6		3	3	3	
Lang-7		21	21	29	
Lang-8		39	38	36	
Lang-9		42	45	48	
Lang-10		110	110	111	
Lang-11		3	3	3	
Lang-12		1	1	1	
Lang-13		4	6	5	
Lang-14		2	2	2	
Lang-15		116	190	214	
Lang-16		6	6	12	
Lang-17		21	23	35	
Lang-18		28	28	48	
Lang-19		4	3	2	
Lang-20		1	1	1	
Lang-21		1	1	2	
Lang-22		11	13	19	
Lang-23		13	13	13	
Lang-24		15	15	3	
Lang-25		5	5	5	
Lang-26		7	7	7	
Lang-27		16	16	36	
Lang-28		12	8	3	
Lang-29		7	7	7	
Lang-1		3	3	2	
Lang-2		12	12	12	
Lang-3		7	7	4	
Lang-4		4	4	4	
Lang-5		1	1	1	
Lang-6		2	2	2	
Lang-7		10	10	22	
Lang-8		36	35	35	
Lang-9		24	29	44	
Lang-10		53	62	102	
Lang-11		5	5	5	
Lang-12		3	3	3	
Lang-13		7	7	5	
Lang-14		1	1	1	
Lang-15		70	138	198	
Lang-16		3	3	11	
Lang-17		5	8	26	
Lang-18		57	55	50	
Lang-19		2	1	2	
Lang-20		2	2	2	
Lang-21		1	1	2	
Lang-22		8	12	17	
Lang-23		13	13	13	
Lang-24		14	14	3	
Lang-25		1	1	1	
Lang-26		8	8	8	
Lang-27		37	37	40	
Lang-28		2	1	1	
Lang-29		5	5	5	
Lang-1		1	6	1	
Lang-2		6	8	7	
Lang-3		4	5	3	
Lang-4		4	1	7	
Lang-5		6	7	7	
Lang-6		5	6	8	
Lang-7		26	9	46	
Lang-8		38	51	36	
Lang-9		62	51	61	
Lang-10		107	58	91	
Lang-11		2	6	7	
Lang-12		1	5	7	
Lang-13		9	5	5	
Lang-14		15	10	9	
Lang-15		128	112	135	
Lang-16		1	29	16	
Lang-17		29	32	12	
Lang-18		3	118	21	
Lang-19		1	3	1	
Lang-20		2	7	2	
Lang-21		1	6	1	
Lang-22		17	32	3	
Lang-23		59	71	19	
Lang-24		2	14	4	
Lang-25		9	13	3	
Lang-26		9	11	11	
Lang-27		32	58	34	
Lang-28		2	6	9	
Lang-29		16	1	3	
Lang-30		4	3	1	
Lang-31		5	5	9	
Lang-32		1	12	7	
Lang-33		4	10	10	
Lang-34		33	251	205	
Lang-35		3	7	7	
Lang-36		55	14	15	
Lang-37		9	7	1	
Lang-38		1	14	6	
Lang-39		7	10	9	
Lang-40		10	7	2	
Lang-41		2	8	10	
Lang-42		21	32	30	
Lang-43		1	6	2	
Lang-44		14	14	14	
Lang-45		6	6	11	
Lang-46		1	2	1	
Lang-47		15	4	5	
Lang-48		7	6	6	
Lang-49		3	7	5	
Lang-50		5	19	7	
Lang-51		9	5	10	
Lang-52		12	15	10	
Lang-53		10	2	5	
Lang-54		3	8	3	
Lang-55		5	11	16	
Lang-56		17	9	22	
Lang-57		3	16	15	
Lang-58		13	6	2	
Lang-59		1	13	2	
Lang-60		1	3	2	
Lang-61		2	6	1	
Lang-62		1	6	7	
Lang-63		1	11	4	
Lang-64		4	6	13	
Lang-65		9	1	5	
Lang-1		3	3	2	
Lang-2		13	13	14	
Lang-3		3	3	1	
Lang-4		6	6	4	
Lang-5		1	1	1	
Lang-6		2	2	2	
Lang-7		19	19	21	
Lang-8		25	25	26	
Lang-9		16	18	38	
Lang-10		71	78	108	
Lang-11		6	6	5	
Lang-12		3	3	3	
Lang-13		8	8	6	
Lang-14		1	1	1	
Lang-15		218	265	216	
Lang-16		4	4	12	
Lang-17		7	9	25	
Lang-18		32	31	48	
Lang-19		1	1	1	
Lang-20		1	1	1	
Lang-21		2	2	2	
Lang-22		21	19	21	
Lang-23		3	3	3	
Lang-24		3	3	3	
Lang-25		3	3	3	
Lang-26		5	7	7	
Lang-27		21	21	33	
Lang-28		2	2	2	
Lang-29		9	9	12	
Lang-30		1	1	1	
Lang-31		1	1	1	
Lang-32		8	4	2	
Lang-33		4	4	4	
Lang-34		55	142	177	
Lang-35		3	3	3	
Lang-36		5	5	38	
Lang-37		2	2	2	
Lang-38		4	4	3	
Lang-39		5	5	5	
Lang-40		2	2	2	
Lang-41		2	2	2	
Lang-42		8	9	9	
Lang-43		1	1	1	
Lang-44		1	1	1	
Lang-45		3	3	4	
Lang-46		1	1	1	
Lang-47		2	2	2	
Lang-48		1	1	1	
Lang-49		4	4	4	
Lang-50		1	1	2	
Lang-51		2	2	4	
Lang-52		5	5	6	
Lang-53		2	2	2	
Lang-54		2	2	1	
Lang-55		8	8	8	
Lang-56		4	4	6	
Lang-57		4	4	4	
Lang-58		4	4	4	
Lang-59		2	2	2	
Lang-60		4	3	2	
Lang-61		2	2	1	
Lang-62		2	2	2	
Lang-63		3	3	1	
Lang-64		4	4	1	
Lang-65		2	2	2	
Math-1		4	112	22	
Math-2		24	29	9	
Math-3		13	15	9	
Math-4		4	7	39	
Math-5		1	6	7	
Math-6		102	103	240	
Math-7		135	492	41	
Math-8		1	38	16	
Math-9		2	8	2	
Math-10		1	13	12	
Math-11		60	120	35	
Math-12		92	92	6	
Math-13		7	8	32	
Math-14		11	1	1	
Math-15		209	287	447	
Math-16		336	101	316	
Math-17		58	44	124	
Math-18		146	288	477	
Math-19		103	213	16	
Math-20		746	700	124	
Math-21		20	14	5	
Math-22		1	12	16	
Math-23		47	66	113	
Math-24		112	25	142	
Math-25		3	4	9	
Math-26		67	24	20	
Math-27		7	22	30	
Math-28		8	9	23	
Math-29		10	12	10	
Math-30		23	77	17	
Math-31		56	99	78	
Math-32		509	675	68	
Math-33		24	249	12	
Math-34		1	7	5	
Math-35		1	2	1	
Math-36		1	105	2	
Math-37		3	37	14	
Math-38		13	10	13	
Math-39		18	73	75	
Math-40		32	1	28	
Math-41		7	4	9	
Math-42		89	86	78	
Math-43		27	128	10	
Math-44		7	290	88	
Math-45		9	5	12	
Math-46		47	92	4	
Math-47		12	1	28	
Math-48		20	261	213	
Math-49		1	1	1	
Math-50		1	126	175	
Math-51		31	94	59	
Math-52		19	5	2	
Math-53		3	1	5	
Math-54		1	3	1	
Math-55		5	11	14	
Math-56		3	10	17	
Math-57		1	3	6	
Math-58		690	205	1123	
Math-59		479	313	3	
Math-60		19	112	26	
Math-61		114	154	1	
Math-62		136	46	14	
Math-63		12	1	4	
Math-64		44	21	24	
Math-65		17	30	50	
Math-66		311	69	356	
Math-67		19	304	116	
Math-68		44	145	105	
Math-69		68	173	75	
Math-70		1	5	11	
Math-71		2	66	30	
Math-72		12	30	22	
Math-73		53	41	55	
Math-74		543	798	680	
Math-75		1	13	2	
Math-76		3	161	1	
Math-77		1	5	1	
Math-78		29	65	103	
Math-79		7	11	2	
Math-80		76	240	7	
Math-81		35	9	4	
Math-82		14	36	64	
Math-83		11	6	5	
Math-84		31	43	3	
Math-85		23	20	1	
Math-86		54	26	40	
Math-87		84	88	38	
Math-88		1	1	1	
Math-89		1	3	5	
Math-90		11	2	16	
Math-91		1	3	2	
Math-92		8	6	5	
Math-93		1	3	10	
Math-94		11	12	1	
Math-95		3	24	8	
Math-96		3	3	2	
Math-97		1	21	5	
Math-98		3	4	2	
Math-99		10	9	6	
Math-100		9	43	8	
Math-101		10	10	17	
Math-102		2	6	3	
Math-103		35	47	45	
Math-104		63	52	46	
Math-105		9	11	1	
Math-106		2	44	3	
Math-1		8	7	8	
Math-2		15	15	18	
Math-3		2	2	2	
Math-4		1	1	1	
Math-5		2	2	2	
Math-6		326	288	332	
Math-7		65	59	38	
Math-8		10	10	3	
Math-9		2	2	2	
Math-10		3	3	3	
Math-11		53	53	53	
Math-12		85	90	111	
Math-13		21	21	21	
Math-14		6	6	6	
Math-15		442	440	439	
Math-16		330	330	330	
Math-17		92	88	86	
Math-18		422	422	489	
Math-19		30	30	38	
Math-20		510	514	510	
Math-21		7	7	24	
Math-22		5	4	5	
Math-23		80	83	138	
Math-24		82	141	158	
Math-25		1	1	1	
Math-26		22	22	27	
Math-27		17	17	17	
Math-28		13	13	19	
Math-29		1	1	1	
Math-30		21	21	21	
Math-31		86	87	87	
Math-32		13	13	2	
Math-33		210	200	88	
Math-34		4	2	1	
Math-35		3	3	3	
Math-36		1	1	1	
Math-37		9	7	6	
Math-38		11	11	11	
Math-39		13	13	16	
Math-40		15	13	10	
Math-41		3	3	3	
Math-42		31	27	26	
Math-43		70	65	57	
Math-44		36	32	13	
Math-45		2	2	2	
Math-46		147	83	5	
Math-47		32	35	48	
Math-48		303	303	303	
Math-49		1	1	1	
Math-50		114	78	1	
Math-51		147	118	25	
Math-52		11	11	11	
Math-53		2	2	2	
Math-54		7	7	5	
Math-55		2	2	1	
Math-56		8	8	12	
Math-57		12	12	12	
Math-58		1087	1088	1088	
Math-59		564	564	564	
Math-60		34	34	36	
Math-61		272	272	8	
Math-62		137	137	137	
Math-63		1	1	1	
Math-64		9	10	22	
Math-65		30	30	1	
Math-66		44	44	498	
Math-67		9	9	9	
Math-68		59	75	108	
Math-69		40	38	31	
Math-70		1	1	1	
Math-71		1	1	1	
Math-72		16	16	16	
Math-73		12	14	23	
Math-74		585	585	604	
Math-75		1	1	1	
Math-76		1	1	2	
Math-77		8	2	1	
Math-78		32	33	44	
Math-79		1	1	1	
Math-80		43	38	14	
Math-81		7	7	5	
Math-82		33	33	34	
Math-83		5	5	6	
Math-84		13	25	38	
Math-85		36	36	35	
Math-86		41	55	59	
Math-87		48	48	93	
Math-88		1	1	1	
Math-89		2	2	1	
Math-90		4	4	4	
Math-91		1	1	1	
Math-92		3	3	2	
Math-93		1	1	1	
Math-94		2	2	2	
Math-95		10	10	9	
Math-96		4	4	4	
Math-97		2	2	2	
Math-98		6	6	6	
Math-99		2	2	2	
Math-100		5	5	8	
Math-101		4	5	6	
Math-102		2	2	1	
Math-103		33	30	21	
Math-104		23	23	43	
Math-105		1	1	1	
Math-106		32	29	10	
Chart-1		32	91	47	
Chart-2		22	29	7	
Chart-3		5	10	5	
Chart-5		5	1	5	
Chart-6		31	2	46	
Chart-7		16	16	9	
Chart-8		3	8	16	
Chart-9		12	14	7	
Chart-10		1	3	1	
Chart-11		9	9	15	
Chart-12		102	72	103	
Chart-13		31	117	6	
Chart-14		1	14	6	
Chart-15		4	2	10	
Chart-16		2	8	4	
Chart-17		1	9	11	
Chart-18		1	1	5	
Chart-19		2	98	12	
Chart-20		3	13	7	
Chart-21		12	10	17	
Chart-22		3	13	5	
Chart-23		17	6	1	
Chart-24		5	4	5	
Chart-25		42	837	4	
Chart-1		28	28	38	
Chart-2		5	10	21	
Chart-3		3	3	3	
Chart-5		1	1	3	
Chart-6		36	37	37	
Chart-7		22	22	25	
Chart-8		1	1	1	
Chart-9		11	10	8	
Chart-10		3	3	3	
Chart-11		1	1	1	
Chart-12		111	113	113	
Chart-13		34	34	23	
Chart-14		4	4	1	
Chart-15		3	3	3	
Chart-16		6	4	2	
Chart-17		2	2	2	
Chart-18		3	3	3	
Chart-19		1	1	1	
Chart-20		1	1	1	
Chart-21		2	2	6	
Chart-22		8	7	8	
Chart-23		19	20	20	
Chart-24		3	3	3	
Chart-25		2649	2649	143	
Mockito-1		1	161	54	
Mockito-2		48	65	38	
Mockito-3		8	105	36	
Mockito-4		3	33	51	
Mockito-5		4	1	5	
Mockito-6		1	26	7	
Mockito-7		449	447	440	
Mockito-8		18	27	13	
Mockito-9		54	22	115	
Mockito-10		1	34	4	
Mockito-11		4	28	1	
Mockito-12		11	56	155	
Mockito-13		9	92	13	
Mockito-14		31	103	167	
Mockito-15		202	218	156	
Mockito-16		1	49	48	
Mockito-17		5	3	4	
Mockito-18		12	34	7	
Mockito-20		326	236	122	
Mockito-21		2	35	1	
Mockito-22		27	15	30	
Mockito-23		10	1	19	
Mockito-24		21	25	88	
Mockito-25		17	37	18	
Mockito-26		165	75	121	
Mockito-27		1	152	90	
Mockito-28		282	29	147	
Mockito-29		251	320	21	
Mockito-30		7	15	1	
Mockito-31		50	23	18	
Mockito-32		24	80	103	
Mockito-33		232	79	199	
Mockito-34		25	55	54	
Mockito-35		50	76	12	
Mockito-36		95	27	1	
Mockito-37		27	99	21	
Mockito-38		138	169	30	
Mockito-1		16	13	2	
Mockito-2		44	45	47	
Mockito-3		30	26	20	
Mockito-4		9	7	2	
Mockito-5		6	6	6	
Mockito-6		3	3	1	
Mockito-7		163	228	386	
Mockito-8		5	5	9	
Mockito-9		99	99	101	
Mockito-10		1	1	2	
Mockito-11		4	4	13	
Mockito-12		1	1	36	
Mockito-13		50	49	46	
Mockito-14		73	72	63	
Mockito-15		110	111	117	
Mockito-16		5	5	4	
Mockito-17		2	2	2	
Mockito-18		4	4	4	
Mockito-20		327	328	329	
Mockito-21		1	1	1	
Mockito-22		5	5	5	
Mockito-23		3	2	4	
Mockito-24		50	56	66	
Mockito-25		2	2	14	
Mockito-26		81	81	81	
Mockito-27		1	1	7	
Mockito-28		286	289	293	
Mockito-29		13	13	19	
Mockito-30		31	15	1	
Mockito-31		47	47	49	
Mockito-32		3	3	1	
Mockito-33		170	171	173	
Mockito-34		64	64	65	
Mockito-35		75	74	78	
Mockito-36		63	62	66	
Mockito-37		41	43	40	
Mockito-38		28	18	6	
Time-1		2	93	6	
Time-2		3	235	19	
Time-3		1	505	1	
Time-4		14	590	29	
Time-5		152	198	157	
Time-6		49	26	61	
Time-7		23	286	123	
Time-8		2	52	13	
Time-9		1	59	13	
Time-10		112	386	202	
Time-11		228	47	201	
Time-12		14	193	7	
Time-13		374	233	53	
Time-14		25	181	83	
Time-15		4	5	15	
Time-16		8	343	18	
Time-17		1	128	1	
Time-18		1	23	1	
Time-19		218	192	204	
Time-20		143	90	63	
Time-21		7	7	7	
Time-22		25	184	73	
Time-23		3	35	2	
Time-24		514	322	489	
Time-25		3	310	213	
Time-26		46	78	342	
Time-27		113	223	278	
Time-1		1	1	1	
Time-2		5	5	2	
Time-3		1	1	1	
Time-4		12	13	14	
Time-5		8	6	62	
Time-6		24	22	12	
Time-7		30	23	6	
Time-8		1	1	2	
Time-9		2	2	3	
Time-10		17	19	107	
Time-11		236	240	353	
Time-12		19	17	1	
Time-13		97	97	89	
Time-14		10	6	12	
Time-15		2	2	2	
Time-16		5	5	2	
Time-17		1	1	1	
Time-18		1	1	1	
Time-19		132	131	130	
Time-20		118	116	114	
Time-21		4	4	7	
Time-22		38	37	34	
Time-23		4	4	4	
Time-24		479	478	476	
Time-25		1	1	3	
Time-26		221	253	266	
Time-27		146	145	143	
Lang-1		1	2	14	
Lang-2		8	16	7	
Lang-3		4	6	6	
Lang-4		6	6	2	
Lang-5		1	2	6	
Lang-6		3	5	10	
Lang-7		6	2	1	
Lang-8		34	75	5	
Lang-9		30	18	29	
Lang-10		49	42	29	
Lang-11		9	3	6	
Lang-12		4	2	3	
Lang-13		6	14	3	
Lang-14		14	8	3	
Lang-15		113	16	96	
Lang-16		2	8	2	
Lang-17		20	5	5	
Lang-18		78	55	47	
Lang-19		1	2	1	
Lang-20		2	4	4	
Lang-21		1	8	1	
Lang-22		7	3	3	
Lang-23		23	42	8	
Lang-24		10	8	6	
Lang-25		9	11	11	
Lang-26		8	3	1	
Lang-27		2	18	13	
Lang-28		1	5	1	
Lang-29		14	7	9	
Lang-30		1	4	13	
Lang-31		2	7	5	
Lang-32		2	6	1	
Lang-33		8	6	4	
Lang-34		64	11	125	
Lang-35		2	3	10	
Lang-36		12	3	5	
Lang-37		9	8	12	
Lang-38		1	24	3	
Lang-39		4	11	9	
Lang-40		11	7	10	
Lang-41		3	16	9	
Lang-42		17	15	12	
Lang-43		4	1	12	
Lang-44		8	11	4	
Lang-45		15	1	13	
Lang-46		4	5	1	
Lang-47		14	9	13	
Lang-48		8	2	5	
Lang-49		2	6	14	
Lang-50		1	3	4	
Lang-51		13	6	11	
Lang-52		6	14	5	
Lang-53		11	8	2	
Lang-54		2	4	2	
Lang-55		7	8	4	
Lang-56		7	3	7	
Lang-57		3	14	15	
Lang-58		6	6	16	
Lang-59		2	5	6	
Lang-60		1	7	1	
Lang-61		16	3	13	
Lang-62		1	8	3	
Lang-63		1	3	1	
Lang-64		2	7	16	
Lang-65		8	1	2	
Lang-1		3	3	2	
Lang-2		6	6	6	
Lang-3		2	2	2	
Lang-4		3	3	3	
Lang-5		1	1	1	
Lang-6		4	4	4	
Lang-7		4	4	12	
Lang-8		3	3	9	
Lang-9		12	12	21	
Lang-10		20	22	52	
Lang-11		1	1	1	
Lang-12		2	2	2	
Lang-13		2	2	2	
Lang-14		1	1	1	
Lang-15		119	146	129	
Lang-16		1	1	1	
Lang-17		6	6	10	
Lang-18		101	101	102	
Lang-19		1	1	1	
Lang-20		1	1	1	
Lang-21		1	1	2	
Lang-22		5	6	8	
Lang-23		24	24	24	
Lang-24		7	7	12	
Lang-25		4	4	4	
Lang-26		11	11	11	
Lang-27		7	7	5	
Lang-28		2	2	2	
Lang-29		1	1	1	
Lang-30		1	1	1	
Lang-31		3	3	3	
Lang-32		5	5	6	
Lang-33		4	4	4	
Lang-34		25	58	85	
Lang-35		1	1	1	
Lang-36		17	17	8	
Lang-37		1	1	1	
Lang-38		4	4	3	
Lang-39		7	7	7	
Lang-40		3	3	1	
Lang-41		4	4	4	
Lang-42		11	11	11	
Lang-43		2	2	2	
Lang-44		4	4	4	
Lang-45		3	3	4	
Lang-46		1	1	1	
Lang-47		4	4	4	
Lang-48		1	1	1	
Lang-49		3	3	3	
Lang-50		6	6	2	
Lang-51		3	3	4	
Lang-52		1	1	5	
Lang-53		1	1	1	
Lang-54		1	1	1	
Lang-55		4	4	4	
Lang-56		4	4	4	
Lang-57		4	4	4	
Lang-58		3	3	3	
Lang-59		2	2	2	
Lang-60		3	1	1	
Lang-61		4	4	4	
Lang-62		2	2	1	
Lang-63		1	1	1	
Lang-64		2	2	1	
Lang-65		2	2	2	
Chart-1		9	28	31	
Chart-2		5	26	8	
Chart-3		1	15	3	
Chart-5		4	2	3	
Chart-6		27	14	24	
Chart-7		15	15	11	
Chart-8		8	5	4	
Chart-9		1	4	2	
Chart-10		1	38	16	
Chart-11		8	12	14	
Chart-12		2	63	43	
Chart-13		2	55	9	
Chart-14		1	10	1	
Chart-15		6	77	8	
Chart-16		3	8	1	
Chart-17		3	5	12	
Chart-18		1	8	2	
Chart-19		1	111	17	
Chart-20		2	4	1	
Chart-21		9	9	2	
Chart-22		1	9	1	
Chart-23		2	3	1	
Chart-24		3	7	2	
Chart-25		1	1315	1148	
Chart-1		27	27	28	
Chart-2		15	15	15	
Chart-3		1	1	1	
Chart-5		3	3	3	
Chart-6		16	16	17	
Chart-7		10	11	14	
Chart-8		1	1	1	
Chart-9		2	2	2	
Chart-10		3	3	3	
Chart-11		2	2	2	
Chart-12		68	68	68	
Chart-13		1	1	6	
Chart-14		1	1	1	
Chart-15		47	49	56	
Chart-16		7	7	5	
Chart-17		7	7	6	
Chart-18		1	1	1	
Chart-19		1	1	1	
Chart-20		1	1	1	
Chart-21		1	1	6	
Chart-22		1	1	5	
Chart-23		2	2	3	
Chart-24		1	1	3	
Chart-25		1515	1515	12	
Lang-1		8	18	5	
Lang-1		15	6	16	
Lang-2		13	6	14	
Lang-1		2	5	3	
Lang-2		13	13	9	
Lang-3		2	4	6	
Lang-4		1	8	2	
Lang-5		1	3	7	
Lang-6		7	4	4	
Lang-7		17	9	3	
Lang-8		26	59	50	
Lang-1		5	3	1	
Lang-2		9	11	3	
Lang-3		1	8	1	
Lang-4		3	7	1	
Lang-5		1	1	2	
Lang-6		2	5	2	
Lang-7		17	7	1	
Lang-8		86	44	120	
Lang-9		44	31	7	
Lang-10		56	50	18	
Lang-11		3	6	2	
Lang-12		5	7	6	
Lang-13		16	5	15	
Lang-2		11	12	9	
Lang-2		11	12	9	
Lang-2		11	12	9	
Lang-1		1	1	1	
Lang-2		2	2	3	
Lang-3		1	1	1	
Lang-4		1	1	1	
Lang-5		1	1	1	
Lang-6		1	1	4	
Lang-7		3	3	1	
Lang-8		17	17	15	
Lang-9		16	16	18	
Lang-10		9	13	31	
Lang-11		1	1	2	
Lang-12		4	4	4	
Lang-13		2	3	4	
Lang-14		3	3	3	
Lang-15		30	44	56	
Lang-16		1	1	1	
Lang-17		5	5	8	
Lang-18		50	43	38	
Lang-19		3	3	3	
Lang-1		1	1	1	
Lang-2		8	8	7	
Lang-2		10	11	11	
Lang-2		1	1	2	
Lang-3		4	4	4	
Lang-1		12	1	16	
Lang-2		12	14	1	
Lang-3		1	3	10	
Lang-4		3	2	3	
Lang-5		1	3	1	
Lang-6		5	4	1	
Lang-7		10	3	1	
Lang-8		32	28	22	
Lang-9		24	15	16	
Lang-10		12	32	26	
Lang-11		1	6	2	
Lang-12		8	11	2	
Lang-13		6	6	2	
Lang-14		15	3	1	
Lang-15		29	75	12	
Lang-16		2	4	1	
Lang-17		15	2	6	
Lang-18		76	77	72	
Lang-19		3	2	5	
Lang-20		12	1	13	
Lang-1		8	4	14	
Lang-2		6	6	12	
Lang-1		8	4	14	
Lang-1		8	4	14	
Lang-1		8	4	14	
Lang-1		8	4	14	
Lang-1		8	4	14	
Lang-1		8	4	14	
Lang-1		8	4	14	
