Chart-1	208.0	268.0	348.0	
Chart-3	18.0	108.0	36.0	
Chart-6	11.0	104.0	22.0	
Chart-7	1.0	2.0	22.0	
Chart-9	2.0	1.0	17.0	
Chart-12	434.0	377.0	479.0	
Chart-15	503.0	552.0	825.0	
Chart-19	348.0	365.0	484.0	
Chart-1	479.0	448.0	546.0	344.0	581.0	599.0	
Chart-1	512.0	532.0	532.0	386.0	272.0	336.0   正则化	
Chart-1	419.0	430.0	430.0	566.0	18.0	420.0	
Chart-3	53.0	60.0	60.0	30.0	76.0	33.0	
Chart-6	108.0	120.0	126.0	110.0	121.0	3.0	
Chart-7	52.0	52.0	52.0	40.0	44.0	1.0	
Chart-8	19.0	19.0	19.0	38.0	26.0	31.0	
Chart-9	170.0	110.0	110.0	55.0	69.0	13.0	
Chart-12	482.0	499.0	499.0	395.0	399.0	422.0	
Chart-15	729.0	761.0	762.0	904.0	183.0	957.0  以上均没有随机过程	
Chart-1	555.0	549.0	549.0	427.0	206.0	399.0	
Chart-3	141.0	143.0	116.0	124.0	17.0	59.0	
Chart-6	127.0	128.0	114.0	95.0	20.0	2.0	
Chart-7	127.0	127.0	124.0	113.0	31.0	81.0	
Chart-8	36.0	40.0	29.0	40.0	26.0	20.0	
Chart-9	1.0	1.0	2.0	9.0	109.0	2.0	
Chart-12	529.0	524.0	521.0	535.0	437.0	402.0	
Chart-15	964.0	963.0	964.0	940.0	516.0	1019.0	
Chart-19	654.0	662.0	644.0	572.0	198.0	506.0	
Chart-20	55.0	56.0	56.0	74.0	40.0	42.0	
Chart-21	90.0	104.0	65.0	46.0	50.0	18.0	
Chart-25	57.0	57.0	261.0	1634.0	3359.0	1.0	
===============  测试 =======================
Chart-1	560.0	556.0	554.0	386.0	197.0	453.0	dpm-solver调整到50步
Chart-1		540.0	527.0	542.0	373.0	139.0	566.0	
Chart-3		144.0	144.0	141.0	96.0	13.0	130.0	
Chart-3		141.0	141.0	128.0	136.0	80.0	41.0	
Chart-3		100.0	125.0	81.0	52.0	59.0	56.0	
Chart-3		143.0	143.0	143.0	141.0	75.0	88.0	
Chart-3		143.0	143.0	135.0	143.0	50.0	133.0	
===================================================================
Lang-3		38.0	38.0	38.0	47.0	7.0	26.0	
Lang-6		2.0	2.0	18.0	1.0	117.0	27.0	
Lang-10		17.0	16.0	16.0	37.0	58.0	62.0	
Lang-17		8.0	8.0	9.0	12.0	42.0	7.0	
Lang-26		11.0	11.0	7.0	13.0	72.0	101.0	
Lang-32		66.0	65.0	57.0	65.0	10.0	1.0	
Lang-33		51.0	47.0	32.0	23.0	61.0	4.0	
Lang-38		135.0	138.0	49.0	59.0	72.0	92.0	
Lang-39		55.0	55.0	3.0	47.0	16.0	1.0	
Lang-42		152.0	152.0	152.0	137.0	80.0	2.0	
Lang-49		22.0	17.0	6.0	9.0	25.0	26.0	
Lang-60		27.0	26.0	23.0	31.0	29.0	1.0	
Lang-63		112.0	114.0	111.0	96.0	62.0	6.0	
Lang-64		48.0	48.0	47.0	31.0	18.0	23.0	
=====================================================================
Mockito-3		942.0	929.0	934.0	812.0	905.0	566.0	
Mockito-6		802.0	814.0	782.0	838.0	388.0	63.0
====================== origin,resampling,undersampling,ddpm =========	
Lang-3		38.0	38.0	38.0	50.0	7.0	1.0	
Lang-6		18.0	18.0	19.0	11.0	82.0	29.0	
Lang-10		14.0	15.0	13.0	13.0	52.0	45.0	
Lang-17		7.0	7.0	8.0	7.0	133.0	6.0	
Lang-26		11.0	11.0	7.0	12.0	30.0	94.0	
Lang-32		67.0	66.0	59.0	32.0	37.0	1.0
=============================================================	
Chart-1		45.0	44.0	39.0	9.0	440.0	22.0	
Chart-2		92.0	93.0	98.5	76.3	134.8	105.8	
Chart-3		1.0	1.0	2.0	14.0	23.0	7.0	
Chart-1		37.0	37.0	36.0	
Chart-2		87.66666666666667	89.16666666666667	97.66666666666667	
Chart-3		6.0	6.0	6.0	
Chart-5		9.0	8.5	8.0	
Chart-6		105.0	107.0	104.0	
Chart-7		111.5	99.0	110.0	
Chart-8		7.0	7.0	10.0	
Chart-9		13.0	13.0	13.0	
Chart-10		3.0	3.0	3.0	
Chart-11		9.0	8.0	13.0	
Chart-5		7.0	7.0	7.5	
Chart-6		105.0	107.0	103.0	
Chart-7		77.5	87.0	75.0	
Chart-8		12.0	11.0	14.0	
Chart-9		18.0	17.0	16.0	
Chart-10		3.0	3.0	3.0	
Chart-11		5.0	4.0	8.0	
Chart-12		7.0	7.0	17.0	
Chart-13		38.0	37.0	48.0	
Chart-14		24.75	23.25	16.0	
Chart-15		45.0	44.5	29.0	
Chart-16		15.666666666666666	13.666666666666666	8.333333333333334	
Chart-17		4.0	4.0	4.0	
Chart-18		10.571428571428571	10.571428571428571	11.285714285714286	
Chart-19		11.0	10.0	1.5	
Chart-20		79.0	78.0	33.0	
Chart-21		46.25	47.5	38.75	
Chart-22		23.2	26.0	25.0	
Chart-23		89.0	107.0	114.0	
Chart-24		1.0	1.0	3.0	
Mockito-1		2.0	2.0	2.0	
Mockito-2		92.33333333333333	94.33333333333333	29.0	
Mockito-3		96.75	97.5	108.75	
Mockito-2		109.66666666666667	110.66666666666667	34.0	98.0	172.33333333333334	100.66666666666667	
Lang-1		4.0	4.666666666666667	4.0	7.0	4.333333333333333	5.666666666666667	
Lang-2		22.0	22.0	22.0	17.0	14.0	22.0	
Lang-3		14.0	13.5	6.5	7.5	21.0	29.5	
Lang-4		13.75	14.0	15.0	11.0	15.0	13.75	
Lang-1		4.666666666666667	4.333333333333333	4.333333333333333	6.333333333333333	10.0	4.666666666666667	
Lang-2		23.0	23.0	23.0	21.0	13.0	22.0	
Lang-3		29.5	28.0	7.0	6.5	10.5	18.5	
Lang-4		9.5	10.5	8.5	10.5	12.5	16.5	
Lang-5		5.5	5.5	3.5	3.0	2.5	6.5	
Lang-6		77.0	81.0	101.0	83.0	84.0	83.0	
Lang-7		127.4	129.8	169.4	127.2	74.2	120.2	
Lang-8		30.0	31.0	30.0	50.0	94.0	61.0	
Lang-9		192.0	200.0	187.0	182.0	167.0	202.0	
Lang-10		140.16666666666666	144.33333333333334	148.0	147.83333333333334	197.33333333333334	172.16666666666666	
Lang-11		6.0	6.0	9.0	11.0	14.0	1.0	
Lang-12		6.666666666666667	7.666666666666667	9.666666666666666	8.0	16.0	14.666666666666666	
Lang-13		23.0	22.0	20.0	24.0	2.0	26.0	
Lang-14		12.0	11.0	15.0	5.0	5.0	9.0	
Lang-15		333.0	342.0	253.5	312.0	69.5	148.75	
Lang-16		21.0	21.0	28.0	74.0	89.0	25.0	
Lang-17		122.33333333333333	125.66666666666667	124.66666666666667	80.0	115.33333333333333	119.0	
Lang-18		104.0	103.25	119.5	110.5	171.5	131.0	
Lang-19		9.8	9.8	9.8	11.8	11.2	7.6	
Lang-20		17.5	17.0	18.5	9.5	20.5	13.5	
Lang-21		5.0	5.0	2.0	2.0	13.0	8.0	
Lang-22		45.0	46.0	48.0	23.0	68.0	53.0	
Lang-23		78.5	82.0	97.0	62.5	113.5	86.0	
Lang-24		114.0	109.0	64.0	8.0	84.0	124.0	
Lang-25		14.0	14.0	14.5	10.5	14.0	11.0	
Lang-26		13.0	15.0	12.0	47.0	61.0	88.0	
Lang-27		20.5	23.0	126.5	63.0	53.5	126.0	
Lang-28		2.0	2.0	1.5	3.0	8.0	17.0	
Lang-29		1.0	1.0	1.0	1.0	57.0	11.0	
Lang-30		27.8125	26.8125	25.875	22.0	36.25	29.0	
Lang-31		5.0	4.666666666666667	6.333333333333333	3.3333333333333335	21.666666666666668	13.333333333333334	
Lang-32		35.75	35.75	39.5	40.5	54.0	61.0	
Lang-33		7.0	7.0	7.0	10.0	28.0	5.0	
Lang-34		191.0	192.5	206.0	153.5	372.5	237.5	
Lang-35		11.5	11.0	6.5	6.5	11.5	8.5	
Lang-36		84.33333333333333	83.66666666666667	102.33333333333333	113.33333333333333	85.0	120.66666666666667	
Lang-37		8.5	8.5	9.0	10.0	29.5	4.0	
Lang-38		7.0	7.0	3.0	1.0	114.0	20.0	
Lang-39		24.0	24.0	28.0	8.0	8.0	29.0	
Lang-40		2.0	2.0	2.0	4.0	14.0	12.0	
Lang-41		15.0	16.0	16.8	17.8	17.2	11.8	
Lang-42		27.5	26.5	24.0	23.5	118.5	39.0	
Lang-43		5.0	5.0	6.0	2.0	9.0	3.0	
Lang-44		12.0	12.0	14.0	8.0	17.0	1.0	
Lang-45		8.0	8.0	8.0	14.0	20.0	12.0	
Lang-46		8.142857142857142	7.714285714285714	8.0	8.0	15.714285714285714	13.428571428571429	
Lang-47		6.5	6.5	5.5	3.5	5.5	4.5	
Lang-48		8.0	8.0	8.0	5.0	5.0	5.5	
Lang-49		4.0	4.0	1.0	1.0	7.0	9.0	
Lang-50		37.3	37.9	25.0	35.3	155.3	35.9	
Lang-51		16.0	16.0	14.0	18.0	3.0	21.0	
Lang-52		11.0	11.0	17.0	27.0	7.0	9.0	
Lang-53		22.25	22.25	24.0	32.0	24.5	19.5	
Lang-54		1.0	1.0	6.0	9.0	18.0	5.0	
Lang-55		12.5	11.0	11.0	11.5	13.0	13.5	
Lang-56		85.33333333333333	88.66666666666667	81.0	52.0	80.66666666666667	94.33333333333333	
Lang-57		6.0	6.0	6.0	3.0	10.0	13.0	
Lang-58		10.5	10.5	13.0	20.0	25.5	32.5	
Lang-59		6.0	6.0	3.0	7.0	6.0	6.0	
Lang-60		11.5	11.5	10.0	23.5	10.0	12.0	
Lang-61		20.0	22.0	22.0	25.0	33.0	35.0	
Lang-62		7.0	7.333333333333333	7.0	5.666666666666667	19.666666666666668	16.333333333333332	
Lang-63		34.526315789473685	32.73684210526316	32.73684210526316	38.73684210526316	62.78947368421053	37.421052631578945	
Lang-64		1.0	1.0	4.0	1.0	11.0	3.0	
Lang-65		14.333333333333334	14.333333333333334	16.333333333333332	16.333333333333332	10.333333333333334	6.666666666666667	
Chart-1		39.0	39.0	37.0	19.0	417.0	26.0	
Chart-2		87.0	89.5	97.66666666666667	103.5	101.0	90.83333333333333	
Chart-3		5.0	5.0	5.0	17.0	29.0	9.0	
Chart-5		6.0	6.0	7.0	20.0	13.0	12.0	
Chart-6		104.0	107.0	104.0	76.0	105.0	110.0	
Chart-7		61.5	54.5	74.5	57.5	28.5	50.5	
Chart-8		8.0	8.0	5.0	3.0	38.0	18.0	
Chart-9		21.0	19.0	16.0	40.0	116.0	8.0	
Chart-10		3.0	3.0	3.0	2.0	53.0	6.0	
Chart-11		4.0	5.0	4.0	5.0	24.0	14.0	
Chart-12		18.0	15.0	19.0	26.0	496.0	90.0	
Chart-13		41.0	40.0	48.0	85.0	191.0	3.0	
Chart-14		22.0	21.25	16.0	15.0	239.25	54.0	
Chart-16		14.0	10.333333333333334	8.666666666666666	5.333333333333333	23.333333333333332	12.333333333333334	
Chart-17		2.0	2.0	2.0	2.0	20.0	19.0	
Chart-18		14.428571428571429	14.428571428571429	11.285714285714286	9.857142857142858	31.428571428571427	11.857142857142858	
Chart-19		8.0	6.0	1.5	5.5	609.5	27.0	
Chart-20		79.0	79.0	34.0	43.0	9.0	3.0	
Chart-21		42.25	42.0	41.0	64.25	65.0	55.0	
Chart-22		22.4	23.4	26.0	39.4	79.8	22.6	
Chart-23		265.0	237.0	269.0	285.0	169.0	213.0	
Chart-24		3.0	3.0	3.0	3.0	7.0	1.0	
Lang-11		12.0	12.0	10.0	8.0	14.0	13.0	
Lang-11		3.0	3.0	4.0	4.0	15.0	11.0	
Lang-12		5.333333333333333	6.333333333333333	8.333333333333334	8.333333333333334	14.333333333333334	8.333333333333334	
Lang-14		11.0	11.0	13.0	11.0	14.0	5.0	
Lang-18		106.5	116.25	114.0	98.75	163.5	123.0	
Lang-14		11.0	12.0	13.0	11.0	16.0	12.0	
Lang-18		148.5	142.5	156.5	123.75	188.0	168.75	
Lang-19		13.0	13.0	10.4	12.0	16.6	9.0	
Lang-21		6.0	6.0	2.0	2.0	16.0	11.0	
Lang-25		12.0	13.0	12.0	9.5	10.5	4.5	
Lang-14		13.0	13.0	15.0	12.0	16.0	10.0	
Lang-14		12.0	12.0	14.0	12.0	10.0	11.0	
Lang-18		131.25	135.5	135.25	98.0	153.0	71.75	
Lang-65		10.0	11.0	10.333333333333334	12.333333333333334	18.0	9.0	
Lang-65		10.333333333333334	11.666666666666666	12.333333333333334	10.666666666666666	14.666666666666666	9.333333333333334	
Lang-65		9.666666666666666	11.333333333333334	9.666666666666666	14.0	12.333333333333334	5.0	
Lang-55		13.5	9.5	10.5	15.5	12.0	19.0	
Lang-55		14.0	15.0	17.0	17.5	13.0	15.0	
Lang-55		13.0	13.0	14.0	15.5	15.5	13.0	
Lang-49		3.0	3.0	1.0	4.0	4.0	16.0	
Lang-44		1.0	1.0	2.0	2.0	15.0	13.0	
Lang-25		14.5	14.0	14.5	13.5	15.5	12.0	
Lang-25		12.0	12.0	13.0	10.0	12.5	10.0	
Lang-25		15.5	15.5	15.5	14.5	10.5	15.0	
Lang-25		15.5	15.5	15.5	14.0	13.0	13.5	
Lang-25		15.5	15.5	15.5	14.5	14.0	11.5	
Lang-21		2.0	2.0	2.0	2.0	3.0	8.0	
Math-1		5.0	4.5	8.0	27.5	215.5	84.5	
Math-2		61.0	52.0	60.0	35.0	134.0	46.0	
Math-4		15.0	14.5	14.0	22.0	179.0	16.5	
Math-4		20.5	19.5	18.5	34.5	42.5	19.5	
Math-5		1.0	1.0	1.0	1.0	9.0	10.0	
Math-7		134.5	128.66666666666666	85.66666666666667	427.3333333333333	354.8333333333333	171.16666666666666	
Math-8		5.5	4.5	3.5	5.0	75.5	3.5	
Math-9		1.0	1.0	1.0	3.0	92.0	3.0	
Math-10		16.0	17.0	8.0	30.0	126.0	58.0	
Math-11		71.0	71.0	81.0	243.0	409.0	175.0	
Math-13		62.0	62.0	67.0	138.0	194.0	36.0	
Math-14		119.5	114.5	129.0	131.0	26.5	95.5	
Math-17		90.0	91.0	87.0	67.0	615.0	92.0	
Math-18		622.0	704.5	580.0	626.0	316.5	711.5	
Math-19		48.0	46.0	62.0	173.0	472.0	53.0	
Math-20		480.0	494.0	537.0	629.0	517.0	596.0	
Math-21		49.45454545454545	48.09090909090909	61.09090909090909	81.27272727272727	54.45454545454545	33.18181818181818	
Math-22		5.5	6.0	1.5	3.5	29.0	25.5	
Math-23		225.8	229.0	209.6	204.0	194.8	199.4	
Math-22		5.5	4.5	1.5	2.5	97.0	15.0	
Math-23		248.2	252.8	233.4	235.0	147.6	231.4	
Math-24		205.0	218.0	169.0	211.5	229.0	229.5	
Math-25		50.0	47.0	51.0	61.0	12.0	46.0	
Math-26		36.0	37.0	36.0	78.5	343.5	22.5	
Math-27		4.0	2.0	1.0	1.0	62.0	9.0	
Math-28		62.2	77.4	52.4	54.6	141.4	55.8	
Math-29		16.8	13.2	7.8	11.2	93.8	52.4	
Math-30		303.0	303.0	92.0	144.0	90.0	217.0	
Math-31		218.41666666666666	218.58333333333334	217.91666666666666	252.66666666666666	371.75	185.16666666666666	
Math-32		1.0	1.0	2.0	44.0	1085.0	24.0	
Math-33		248.0	119.0	118.0	192.0	275.0	45.0	
Math-34		3.0	3.0	3.0	1.0	36.0	7.0	
Math-35		6.0	7.0	9.5	14.0	6.0	12.5	
Math-36		3.5	3.5	3.5	6.5	18.5	2.75	
Math-37		5.0	5.0	7.75	4.75	137.5	75.75	
Math-38		21.0	19.0	12.0	11.333333333333334	87.33333333333333	14.0	
Math-39		238.0	155.0	236.0	423.0	264.0	208.0	
Math-40		79.5	78.0	60.0	54.5	24.5	72.5	
Math-41		21.0	20.0	22.0	41.0	29.0	18.0	
Math-42		59.5	33.0	63.5	100.0	235.0	75.0	
Math-43		191.66666666666666	188.0	170.66666666666666	188.0	305.0	149.0	
Math-44		212.25	210.0	198.25	272.0	484.5	269.25	
Math-45		10.0	10.0	10.0	7.0	3.0	4.0	
Math-46		7.5	7.0	6.5	11.0	292.5	18.0	
Math-47		176.0	176.0	174.8	175.4	118.6	197.2	
Math-48		318.0	323.0	355.0	9.0	343.0	352.0	
Math-49		8.666666666666666	6.333333333333333	6.666666666666667	10.666666666666666	231.66666666666666	12.0	
Math-50		2.6666666666666665	2.6666666666666665	2.3333333333333335	4.0	273.0	2.0	
Math-51		125.5	59.0	44.5	128.5	324.5	57.0	
Math-52		23.0	23.0	15.0	27.0	25.0	38.0	
Math-53		6.0	6.0	6.0	3.0	14.0	9.0	
Math-54		234.0	264.5	214.5	304.0	144.5	171.0	
Math-55		4.0	4.0	2.0	1.0	3.0	3.0	
Math-56		19.5	19.5	22.5	16.166666666666668	63.5	11.833333333333334	
Math-57		8.0	8.0	10.0	49.0	194.0	319.0	
Math-58		1129.0	1029.0	1141.0	885.0	192.0	871.0	
Math-60		38.5	37.5	40.0	45.5	278.5	59.5	
Math-61		293.5	302.0	239.0	241.5	33.5	384.0	
Math-62		328.75	328.75	328.75	375.25	163.75	345.75	
Math-63		1.0	2.0	1.0	5.0	11.0	6.0	
Math-64		208.78571428571428	211.71428571428572	204.42857142857142	172.64285714285714	228.5	234.0	
Math-65		151.83333333333334	147.66666666666666	138.0	236.5	162.0	228.33333333333334	
Math-66		124.0	361.4375	553.5625	444.0625	195.125	483.8125	
Math-67		203.5	203.5	203.5	167.5	241.5	336.5	
Math-68		249.71428571428572	244.71428571428572	249.57142857142858	206.85714285714286	229.71428571428572	242.28571428571428	
Math-69		10.0	11.0	13.0	18.0	224.0	9.0	
Math-70		1.0	1.0	1.0	4.0	12.0	7.0	
Math-71		2.0	2.0	1.5	2.5	369.0	65.5	
Math-72		11.5	11.5	3.0	3.0	9.0	2.0	
Math-73		19.0	18.0	2.0	4.0	46.0	19.0	
Math-74		710.2	718.8	719.0	610.4	385.2	860.6	
Math-75		5.0	3.0	1.0	2.0	26.0	8.0	
Math-76		174.33333333333334	173.77777777777777	130.44444444444446	260.44444444444446	221.0	114.0	
Math-77		17.428571428571427	16.857142857142858	16.857142857142858	37.714285714285715	26.714285714285715	46.42857142857143	
Math-78		157.0	147.5	144.0	85.5	124.5	131.0	
Math-79		12.0	12.0	31.0	21.0	36.5	11.0	
Math-80		2.0	2.0	14.0	26.0	398.0	75.0	
Math-81		172.0	177.66666666666666	170.0	172.33333333333334	342.6666666666667	238.33333333333334	
Math-82		39.0	43.0	48.0	138.0	109.0	99.0	
Math-83		132.66666666666666	123.0	94.33333333333333	137.0	45.333333333333336	74.33333333333333	
Math-84		68.0	59.333333333333336	65.66666666666667	99.66666666666667	84.66666666666667	89.33333333333333	
Math-85		66.0	74.0	64.0	59.0	8.0	3.0	
Math-86		142.66666666666666	153.0	140.33333333333334	118.0	34.666666666666664	156.33333333333334	
Math-87		147.0	156.5	143.75	154.25	71.75	113.75	
Math-88		77.71428571428571	70.85714285714286	34.714285714285715	102.28571428571429	33.857142857142854	27.285714285714285	
Math-89		1.0	1.0	1.0	1.0	7.0	5.0	
Math-90		3.0	3.0	5.0	8.0	14.0	13.0	
Math-91		2.5	2.5	1.5	2.5	3.5	1.5	
Math-92		17.833333333333332	17.666666666666668	15.0	16.666666666666668	8.666666666666666	19.166666666666668	
Math-93		6.5	7.0	8.0	8.0	9.25	7.75	
Math-94		24.0	24.0	24.0	21.0	21.0	1.0	
Math-95		11.0	10.0	9.333333333333334	12.333333333333334	77.33333333333333	14.333333333333334	
Math-96		6.0	6.0	5.0	12.0	9.0	5.0	
Math-97		12.5	12.75	12.25	14.0	12.25	13.25	
Math-98		13.5	13.5	15.5	28.5	38.5	19.5	
Math-99		6.0	6.5	8.5	13.0	12.5	11.5	
Math-100		117.0	117.5	120.5	113.0	44.0	108.0	
Math-101		6.0	6.0	8.0	16.0	16.0	1.0	
Math-102		7.75	7.75	8.0	4.5	64.0	6.0	
Math-103		45.0	49.0	38.0	60.0	50.0	72.0	
Math-104		59.0	62.0	63.0	63.0	61.0	56.0	
Math-105		15.0	16.0	16.0	15.0	6.0	4.0	
Math-106		16.0	13.0	9.5	26.0	12.0	26.0	
Lang-21		1.0	1.0	2.0	2.0	12.0	13.0	
Mockito-2		114.0	114.66666666666667	118.33333333333333	102.66666666666667	229.33333333333334	122.33333333333333	
Mockito-3		96.0	94.75	96.0	247.25	281.75	55.25	
Mockito-4		5.5	5.5	4.5	10.5	216.5	5.5	
Mockito-5		27.0	26.0	28.0	8.0	6.0	9.0	
Mockito-6		10.285714285714286	10.285714285714286	9.071428571428571	10.5	174.28571428571428	75.78571428571429	
Mockito-7		557.0	603.0	627.0	642.0	288.0	639.0	
Mockito-8		25.0	32.0	26.0	43.0	47.0	45.0	
Mockito-9		476.0	437.0	523.0	49.0	532.0	81.0	
Mockito-10		87.4	93.6	84.4	101.2	217.6	98.6	
Mockito-11		1.0	1.0	1.0	1.0	217.0	2.0	
Mockito-12		71.5	71.5	71.5	13.0	132.5	120.5	
Mockito-13		175.0	176.0	177.0	154.0	312.5	242.0	
Mockito-14		325.8	328.0	315.6	313.4	302.2	462.4	
Mockito-15		128.0	147.5	131.5	161.0	251.0	248.5	
Mockito-16		238.6	244.6	237.8	234.4	356.8	280.2	
Mockito-17		48.8	59.0	51.2	37.2	93.8	94.6	
Mockito-18		6.0	8.0	5.0	70.0	82.0	37.0	
Mockito-20		533.0	525.3333333333334	539.3333333333334	573.3333333333334	627.0	621.6666666666666	
Mockito-21		3.6	3.6	3.4	3.4	86.6	4.6	
Mockito-22		15.0	15.0	15.0	82.0	122.0	71.0	
Mockito-23		159.66666666666666	154.22222222222223	152.33333333333334	189.33333333333334	345.1111111111111	254.33333333333334	
Mockito-24		1.0	1.0	1.0	1.0	247.0	6.0	
Mockito-25		144.66666666666666	156.16666666666666	142.33333333333334	143.16666666666666	305.3333333333333	329.5	
Mockito-26		288.0	292.0	289.0	528.0	729.0	692.0	
Mockito-27		17.5	17.0	20.5	50.0	359.0	89.5	
Mockito-28		551.0	557.0	527.0	505.0	290.0	492.0	
Mockito-29		38.0	37.0	30.0	1.0	551.0	53.0	
Mockito-30		163.5	143.5	105.0	104.5	72.0	34.0	
Mockito-31		186.5	180.5	176.5	155.0	126.5	146.0	
Mockito-32		336.0	339.0	333.0	323.0	593.0	435.5	
Mockito-33		306.0	293.0	302.0	249.0	189.0	400.0	
Mockito-34		154.0	151.0	148.0	75.0	129.0	142.0	
Mockito-35		6.0	6.0	5.333333333333333	11.333333333333334	225.0	22.666666666666668	
Mockito-36		286.5	267.0	256.5	355.5	183.0	321.0	
Mockito-37		58.0	57.0	80.0	286.0	227.0	334.0	
Mockito-38		9.0	8.0	11.0	33.0	55.0	14.0	
Time-1		12.5	12.25	8.0	25.75	405.25	31.0	
gzip-1		115.5	110.5	114.5	53.5	3.5	199.0	
gzip-2		55.0	54.0	51.333333333333336	53.833333333333336	71.33333333333333	29.833333333333332	
gzip-3		137.5	146.5	166.0	204.5	67.5	190.0	
gzip-4		16.0	16.0	16.0	15.0	4.0	5.0	
gzip-5		131.0	132.0	54.0	68.0	43.0	57.0	
python-1		10.5	10.5	10.5	10.75	10.75	9.5	
python-2		76.5	77.5	78.0	84.0	64.5	50.5	
python-3		328.0	328.0	328.0	323.0	155.0	1.0	
python-4		81.0	77.0	28.0	8.0	116.0	85.0	
libtiff-1		437.0	458.0	427.0	247.0	112.0	494.0	
libtiff-2		6.0	6.0	5.5	6.0	41.5	2.5	
libtiff-3		13.333333333333334	14.333333333333334	13.333333333333334	12.666666666666666	12.333333333333334	11.666666666666666	
libtiff-4		98.54838709677419	99.09677419354838	96.2741935483871	102.88709677419355	145.16129032258064	98.1774193548387	
libtiff-5		723.9673913043479	723.9673913043479	723.9673913043479	965.4891304347826	948.6413043478261	1026.9239130434783	
libtiff-6		753.0	753.0	753.0	1476.0	224.0	1341.0	
libtiff-7		189.36	177.32	153.64	216.04	346.24	203.84	
Time-5		56.75	57.0	78.0	108.75	909.5	51.0	
Time-6		89.0	89.0	97.0	235.0	732.0	347.0	
Lang-1		8.333333333333334	7.0	6.0	3.3333333333333335	10.333333333333334	4.0	
Lang-2		19.0	20.0	22.0	21.0	21.0	30.0	
Lang-3		18.5	16.0	7.0	3.5	4.5	5.0	
Lang-4		8.5	8.5	9.75	8.0	14.75	9.75	
Lang-5		2.0	2.0	2.0	1.5	4.5	6.5	
Lang-6		113.0	114.0	103.0	105.0	69.0	85.0	
Lang-7		97.8	97.8	151.2	78.6	85.4	131.6	
Lang-8		39.0	39.0	39.0	58.0	296.0	36.0	
Lang-9		170.0	173.0	174.0	146.0	172.0	194.0	
Lang-10		146.83333333333334	148.83333333333334	153.16666666666666	102.33333333333333	84.16666666666667	199.5	
Lang-11		2.0	2.0	3.0	2.0	11.0	4.0	
Lang-12		5.333333333333333	6.333333333333333	8.333333333333334	5.0	10.666666666666666	9.0	
Lang-13		29.0	29.0	24.0	26.0	11.0	20.0	
Lang-14		13.0	13.0	14.0	11.0	11.0	10.0	
Lang-15		275.25	294.5	225.5	223.5	294.75	205.5	
Lang-16		64.0	64.0	45.0	55.0	53.0	60.0	
Lang-17		102.33333333333333	106.33333333333333	118.66666666666667	101.33333333333333	107.33333333333333	107.0	
Lang-18		120.0	118.75	128.0	137.75	7.0	155.5	
Lang-19		13.0	13.0	13.0	16.5	9.0	9.0	
Lang-20		20.0	20.0	17.5	12.0	11.5	16.5	
Lang-21		3.0	3.0	2.0	1.0	13.0	2.0	
Lang-22		18.0	22.0	38.0	28.0	46.0	28.0	
Lang-23		72.5	89.0	92.5	90.0	109.5	110.0	
Lang-24		134.0	134.0	64.0	117.0	19.0	5.0	
Lang-25		12.5	12.5	12.5	10.5	13.0	10.5	
Lang-26		23.0	23.0	15.0	88.0	29.0	57.0	
Lang-27		54.5	54.5	131.5	101.0	59.5	143.5	
Lang-28		8.5	8.5	3.0	7.5	15.5	2.5	
Lang-29		2.0	2.0	1.0	1.0	57.0	3.0	
Lang-30		29.1875	28.9375	25.8125	24.5625	29.0625	33.875	
Lang-31		7.0	7.0	7.0	5.333333333333333	22.333333333333332	10.0	
Lang-32		51.25	51.0	50.0	59.25	63.5	55.0	
Lang-33		1.0	1.0	7.0	8.0	8.0	14.0	
Lang-34		153.0	183.5	202.5	78.0	93.0	264.0	
Lang-35		6.0	6.0	6.0	4.0	2.0	3.5	
Lang-36		77.0	76.66666666666667	105.33333333333333	85.66666666666667	79.66666666666667	133.66666666666666	
Lang-37		7.0	7.0	9.0	10.0	7.5	7.0	
Lang-38		7.0	7.0	3.0	5.0	28.0	6.0	
Lang-39		41.0	41.0	40.0	27.0	20.0	38.0	
Lang-40		6.0	6.0	6.0	2.0	12.0	12.0	
Lang-41		15.4	15.6	16.4	21.2	34.6	13.6	
Lang-42		15.0	14.5	23.5	24.5	125.0	6.0	
Lang-43		6.0	6.0	6.0	6.0	10.0	2.0	
Lang-44		7.0	7.0	6.0	18.0	13.0	4.0	
Lang-45		16.0	16.0	8.0	11.0	23.0	11.0	
Lang-46		8.0	7.666666666666667	6.333333333333333	8.0	17.0	15.666666666666666	
Lang-47		6.5	6.5	6.0	3.5	5.0	2.5	
Lang-48		8.5	8.5	8.5	9.5	7.5	9.5	
Lang-49		3.0	3.0	1.0	4.0	10.0	22.0	
Lang-50		39.2	37.2	26.5	47.0	58.4	27.1	
Lang-51		14.0	14.0	14.0	14.0	11.0	22.0	
Lang-52		21.0	21.0	25.0	14.0	8.0	5.0	
Lang-53		22.0	22.25	22.75	23.25	22.5	14.0	
Lang-54		9.0	9.0	8.0	8.0	1.0	18.0	
Lang-55		10.5	12.5	12.5	14.0	9.5	16.5	
Lang-56		50.0	48.666666666666664	51.333333333333336	92.33333333333333	85.0	66.33333333333333	
Lang-57		6.0	6.0	6.0	3.0	4.0	16.0	
Lang-58		10.0	10.0	10.0	6.0	19.5	18.0	
Lang-59		1.0	1.0	3.0	8.0	6.0	2.0	
Lang-60		6.5	6.5	7.5	10.5	13.0	22.5	
Lang-61		19.0	19.0	22.0	21.0	11.0	17.0	
Lang-62		12.333333333333334	11.666666666666666	10.666666666666666	15.0	18.0	10.333333333333334	
Lang-63		37.473684210526315	36.63157894736842	35.94736842105263	36.578947368421055	46.68421052631579	31.42105263157895	
Lang-64		2.0	2.0	2.0	2.0	17.0	6.0	
Lang-65		10.333333333333334	11.666666666666666	12.333333333333334	12.666666666666666	9.666666666666666	9.333333333333334	
Chart-1		23.0	27.0	31.0	18.0	466.0	25.0	
Chart-2		81.5	86.5	98.66666666666667	75.33333333333333	113.83333333333333	30.166666666666668	
Chart-3		21.0	20.0	12.0	98.0	133.0	11.0	
Chart-5		9.0	8.0	8.0	16.5	15.5	24.0	
Chart-6		107.0	107.0	105.0	86.0	15.0	80.0	
Chart-7		89.5	93.0	89.0	84.5	68.0	25.0	
Chart-8		15.0	15.0	14.0	14.0	35.0	13.0	
Chart-9		5.0	5.0	4.0	14.0	49.0	13.0	
Chart-10		3.0	3.0	3.0	1.0	36.0	14.0	
Chart-11		16.0	16.0	18.0	8.0	18.0	13.0	
Lang-19		12.5	11.0	12.0	12.5	13.0	16.5	
Lang-19		13.75	13.25	13.0	14.25	11.0	11.0	
Lang-19		10.5	10.5	11.5	12.5	9.25	10.75	
Lang-19		13.75	12.5	12.5	14.5	9.25	12.75	
Lang-30		25.625	25.4375	24.625	32.375	36.5625	26.75	
Lang-31		5.666666666666667	5.333333333333333	6.0	9.666666666666666	23.666666666666668	6.666666666666667	
Lang-40		9.0	9.0	8.0	10.0	15.0	8.0	
Lang-43		3.0	3.0	6.0	3.0	27.0	1.0	
Lang-44		11.0	11.0	11.0	20.0	16.0	19.0	
Lang-47		3.0	3.0	3.5	8.5	23.0	4.0	
Chart-1		57.0	55.0	38.0	19.0	455.0	10.0	
Chart-2		91.66666666666667	94.5	98.0	94.66666666666667	87.16666666666667	89.0	
Chart-3		8.0	8.0	8.0	19.0	27.0	5.0	
Chart-5		6.5	6.0	8.0	21.5	5.0	2.5	
Chart-6		99.0	99.0	101.0	84.0	13.0	69.0	
Chart-7		121.5	121.5	117.0	70.0	44.0	47.0	
Chart-8		8.0	8.0	8.0	7.0	22.0	20.0	
Chart-9		12.0	12.0	11.0	26.0	102.0	8.0	
Chart-10		3.0	3.0	3.0	2.0	28.0	11.0	
Chart-11		2.0	2.0	4.0	5.0	17.0	23.0	
Chart-12		37.0	37.0	22.0	85.0	261.0	32.0	
Chart-13		38.0	38.0	48.0	26.0	252.0	64.0	
Chart-13		70.0	70.0	48.0	21.0	191.0	57.0	
Chart-14		11.25	11.25	16.0	15.0	356.25	28.0	
Chart-15		48.5	40.5	29.5	30.0	838.0	89.0	
Chart-16		14.333333333333334	11.333333333333334	9.0	13.333333333333334	35.666666666666664	14.333333333333334	
Chart-17		11.0	7.0	6.0	3.0	26.0	10.0	
Chart-18		10.428571428571429	10.142857142857142	11.285714285714286	12.571428571428571	26.428571428571427	8.0	
Chart-19		10.0	7.0	1.5	4.0	629.0	23.5	
Chart-20		80.0	79.0	34.0	75.0	52.0	1.0	
Chart-21		89.0	77.5	70.75	55.25	37.0	42.25	
Chart-22		36.8	31.4	26.8	31.6	77.6	30.8	
Chart-23		116.0	116.0	169.0	81.0	261.0	145.0	
Chart-24		3.0	3.0	3.0	4.0	5.0	5.0	
Chart-25		3198.8	3139.5	1656.7	1383.1	2254.2	1561.6	
Time-4		26.0	26.0	27.0	40.0	1647.0	38.0	
Time-5		49.75	46.5	77.5	61.5	821.5	118.25	
Time-6		87.0	87.0	96.0	56.0	455.0	297.5	
Time-6		136.5	126.5	101.0	48.5	1122.5	208.0	
Time-8		31.0	29.666666666666668	28.0	7.0	225.0	42.666666666666664	
Time-9		32.4	29.2	23.6	10.6	242.8	50.0	
Time-10		331.5	314.0	213.5	246.0	1109.0	381.5	
Time-11		379.3333333333333	423.0	425.6666666666667	442.6666666666667	771.0	356.6666666666667	
Time-12		14.833333333333334	12.333333333333334	5.5	17.666666666666668	717.0	40.5	
Time-13		349.0	349.0	344.0	324.0	472.0	412.0	
Time-15		6.0	5.0	7.0	6.0	1.0	16.0	
Math-4		23.0	18.0	15.0	11.0	31.0	10.5	
Math-22		50.5	19.5	1.5	2.0	82.0	26.5	
Math-44		388.5	365.0	225.5	266.5	615.75	332.75	
Math-4		13.0	13.0	13.0	15.0	33.0	22.5	
Math-22		15.0	8.0	1.5	2.5	111.5	21.5	
Math-44		240.0	230.25	199.75	242.75	395.5	197.0	
Math-45		6.0	6.0	6.0	2.0	6.0	11.0	
Math-53		7.0	7.0	6.0	6.0	12.0	7.0	
Math-55		2.0	2.0	1.0	1.0	12.0	30.0	
Math-57		3.0	3.0	5.0	58.0	13.0	338.0	
Math-65		179.83333333333334	177.66666666666666	140.0	220.16666666666666	127.0	205.0	
Math-67		203.5	203.5	203.5	210.0	252.0	298.5	
Math-69		81.0	73.0	49.0	136.0	224.0	76.0	
Math-92		19.833333333333332	19.5	15.5	15.666666666666666	14.833333333333334	22.833333333333332	
Math-95		8.333333333333334	8.0	7.0	12.666666666666666	88.0	8.666666666666666	
Math-96		4.0	5.0	5.0	6.0	1.0	8.0	
Math-100		118.5	118.5	121.0	122.0	37.0	113.0	
Math-101		39.0	38.0	36.0	42.0	8.0	11.0	
Math-106		10.0	9.5	7.0	27.5	3.0	13.5	
Math-4		41.0	28.0	22.5	17.5	16.0	16.0	
Math-22		13.5	11.5	1.5	1.5	80.5	45.0	
Math-44		263.0	252.75	199.0	242.75	490.5	209.75	
Math-45		2.0	2.0	2.0	6.0	5.0	10.0	
Math-53		5.0	4.0	5.0	7.0	3.0	4.0	
Math-55		1.0	1.0	1.0	1.0	8.0	20.0	
Math-57		266.0	266.0	258.0	215.0	188.0	151.0	
Math-65		160.16666666666666	159.83333333333334	139.16666666666666	254.16666666666666	253.83333333333334	181.33333333333334	
Math-67		203.5	203.5	203.5	246.0	253.5	296.5	
Math-69		11.0	11.0	12.0	16.0	158.0	69.0	
Math-92		16.5	16.333333333333332	15.5	19.666666666666668	20.666666666666668	19.166666666666668	
Math-95		8.666666666666666	8.666666666666666	7.666666666666667	9.0	86.0	14.333333333333334	
Math-96		9.0	9.0	6.0	12.0	1.0	6.0	
Math-100		105.0	106.5	112.0	87.0	82.0	42.0	
Math-101		36.0	34.0	29.0	39.0	25.0	31.0	
Math-106		12.0	9.5	6.5	21.5	20.0	5.5	
Math-1		34.5	32.0	13.0	22.5	392.0	48.0	
Math-2		46.0	48.0	47.0	65.0	20.0	56.0	
Time-17		4.6	4.6	3.2	10.6	696.8	42.0	
Time-18		17.0	9.0	5.0	7.0	105.0	19.0	
Time-22		33.0	27.5	17.5	17.0	469.0	43.0	
Time-23		26.88888888888889	26.88888888888889	29.22222222222222	24.333333333333332	187.88888888888889	21.555555555555557	
Time-24		595.0	567.0	486.0	583.0	1078.0	155.0	
Time-27		350.0	350.6666666666667	358.0	790.3333333333334	702.6666666666666	673.3333333333334	
space-6		7.0	7.0	149.0	6.0	606.0	419.0	
Chart-1		23.0	28.0	31.0	15.0	623.0	27.0	
Chart-2		69.83333333333333	72.83333333333333	97.16666666666667	81.16666666666667	104.16666666666667	25.0	
Chart-3		7.0	7.0	7.0	9.0	76.0	7.0	
Chart-5		1.5	1.5	5.5	15.5	5.0	7.0	
Chart-6		105.0	104.0	103.0	82.0	88.0	91.0	
Chart-7		61.5	63.0	72.0	50.0	32.0	61.5	
Chart-8		7.0	7.0	7.0	13.0	26.0	17.0	
Chart-9		6.0	6.0	6.0	15.0	83.0	5.0	
Chart-10		3.0	3.0	3.0	1.0	4.0	11.0	
Chart-11		18.0	18.0	19.0	8.0	19.0	24.0	
Chart-12		31.0	30.0	17.0	77.0	450.0	5.0	
Chart-13		7.0	7.0	48.0	120.0	190.0	10.0	
Chart-14		29.25	27.25	16.0	24.5	308.75	26.0	
Chart-15		112.5	51.0	27.0	87.0	1008.5	162.0	
Chart-16		18.0	15.666666666666666	9.333333333333334	4.0	38.0	7.666666666666667	
Chart-17		1.0	1.0	6.0	2.0	23.0	7.0	
Chart-18		15.142857142857142	14.857142857142858	11.285714285714286	12.571428571428571	31.428571428571427	18.285714285714285	
Chart-19		4.5	3.5	1.5	4.0	90.0	27.0	
Chart-20		78.0	59.0	34.0	63.0	6.0	1.0	
Chart-21		55.5	56.0	53.25	51.5	38.0	42.0	
Chart-22		15.2	17.6	25.2	25.6	71.0	28.4	
Chart-23		140.0	140.0	182.0	222.0	99.0	173.0	
Chart-24		1.0	1.0	3.0	3.0	2.0	7.0	
Chart-25		3171.8	3109.4	1649.9	1515.9	1767.4	1816.3	
Lang-1		8.666666666666666	6.0	5.333333333333333	8.0	17.0	3.3333333333333335	
Lang-2		13.0	17.0	19.0	14.0	14.0	26.0	
Lang-3		11.0	9.5	5.5	7.5	25.0	15.5	
Lang-4		7.5	7.75	10.25	10.0	19.0	7.5	
Lang-5		7.5	6.5	3.0	7.5	4.0	4.5	
Lang-6		29.0	32.0	97.0	43.0	66.0	70.0	
Lang-7		70.0	70.0	148.6	132.0	73.4	131.4	
Lang-8		58.0	54.0	45.0	151.0	89.0	54.0	
Lang-9		122.0	131.0	151.0	196.0	209.0	180.0	
Lang-10		140.5	140.16666666666666	145.33333333333334	144.0	182.16666666666666	141.33333333333334	
Lang-11		10.0	10.0	10.0	9.0	12.0	16.0	
Lang-12		9.0	9.666666666666666	11.0	12.0	11.0	12.0	
Lang-13		19.0	22.0	22.0	16.0	2.0	21.0	
Lang-14		10.0	11.0	14.0	15.0	8.0	6.0	
Lang-15		315.0	329.75	239.75	218.75	78.5	201.75	
Lang-16		30.0	30.0	38.0	86.0	48.0	54.0	
Lang-17		89.0	90.0	115.33333333333333	62.333333333333336	130.66666666666666	122.66666666666667	
Lang-18		120.25	119.0	123.0	120.25	167.5	53.25	
Lang-19		15.0	13.75	12.0	14.0	12.25	7.5	
Lang-1		7.333333333333333	7.333333333333333	5.666666666666667	8.0	5.666666666666667	15.0	
Lang-2		11.0	11.0	20.0	11.0	20.0	21.0	
Lang-3		23.0	23.0	8.0	10.5	19.0	20.0	
Lang-4		7.75	7.75	8.0	10.25	12.5	8.0	
Lang-5		3.5	3.0	2.0	3.5	3.5	5.5	
Lang-4		13.0	13.5	14.0	13.75	12.75	12.0	
Lang-4		8.5	9.0	10.75	10.0	15.75	14.25	
Lang-5		5.0	4.0	4.0	7.0	3.0	3.5	
Lang-14		13.0	13.0	14.0	15.0	7.0	8.0	
Lang-15		133.25	150.75	220.0	328.25	247.25	225.0	
Lang-28		6.0	5.5	2.5	6.5	15.0	4.0	
Lang-29		1.0	1.0	1.0	1.0	30.0	4.0	
Lang-30		28.4375	28.0	25.25	23.125	33.125	29.5625	
Lang-1		10.666666666666666	9.666666666666666	5.0	4.666666666666667	14.0	10.333333333333334	
Lang-2		15.0	16.0	20.0	13.0	21.0	30.0	
Lang-3		20.5	19.5	7.0	8.0	19.5	11.0	
Lang-4		9.5	9.5	10.5	9.0	15.75	11.25	
Lang-5		3.5	3.5	3.5	4.0	2.0	6.0	
Lang-6		83.0	82.0	101.0	109.0	112.0	55.0	
Lang-7		112.6	112.6	170.2	119.0	61.2	96.8	
Lang-8		19.0	21.0	26.0	50.0	115.0	22.0	
Lang-9		164.0	171.0	174.0	150.0	180.0	169.0	
Lang-10		181.33333333333334	179.16666666666666	155.83333333333334	156.33333333333334	197.0	174.5	
Lang-11		11.0	11.0	11.0	14.0	1.0	10.0	
Lang-12		5.333333333333333	6.333333333333333	8.333333333333334	7.333333333333333	12.0	13.333333333333334	
Lang-13		26.0	26.0	22.0	24.0	2.0	29.0	
Lang-14		12.0	12.0	14.0	8.0	16.0	12.0	
Lang-15		261.0	245.75	224.0	293.25	279.0	347.75	
Lang-16		13.0	13.0	32.0	50.0	83.0	76.0	
Lang-17		115.0	118.33333333333333	124.0	102.33333333333333	70.33333333333333	110.0	
Lang-18		133.25	132.5	130.25	146.75	239.75	112.0	
Lang-19		13.25	12.75	12.25	13.25	15.0	9.0	
Lang-20		12.5	12.5	15.0	8.5	18.0	14.5	
Lang-21		4.0	4.0	2.0	1.0	13.0	3.0	
Lang-22		27.0	27.0	46.0	35.0	2.0	19.0	
Lang-23		83.0	83.0	96.0	34.5	79.5	75.5	
Lang-24		56.0	56.0	64.0	43.0	81.0	9.0	
Lang-25		9.5	9.5	10.0	11.0	13.5	9.0	
Lang-26		17.0	18.0	14.0	12.0	3.0	57.0	
Lang-27		42.5	42.5	130.0	163.0	47.5	76.5	
Lang-28		6.5	6.5	2.5	6.5	8.0	1.5	
Lang-29		2.0	2.0	1.0	1.0	41.0	5.0	
Lang-30		25.0625	24.625	25.0625	25.375	31.875	35.3125	
Lang-31		4.333333333333333	3.6666666666666665	5.666666666666667	2.3333333333333335	21.333333333333332	8.0	
Lang-32		41.25	41.25	42.0	41.25	59.5	33.75	
Lang-33		11.0	11.0	7.0	11.0	15.0	15.0	
Lang-34		187.5	203.0	207.0	179.0	367.5	234.0	
Lang-35		5.0	4.5	6.0	2.0	6.0	8.5	
Lang-36		53.333333333333336	53.333333333333336	104.66666666666667	117.0	106.0	145.33333333333334	
Lang-37		7.0	7.0	9.0	11.5	2.0	11.0	
Lang-38		6.0	6.0	3.0	8.0	167.0	7.0	
Lang-39		33.0	33.0	33.0	6.0	43.0	48.0	
Lang-40		1.0	1.0	1.0	1.0	10.0	8.0	
Lang-41		14.6	14.8	16.0	12.2	29.4	15.0	
Lang-42		11.5	11.5	21.0	9.0	130.5	19.5	
Lang-43		23.0	15.0	6.0	14.0	1.0	1.0	
Lang-44		7.0	7.0	7.0	4.0	10.0	12.0	
Lang-45		3.0	3.0	8.0	3.0	15.0	24.0	
Lang-46		4.833333333333333	5.0	6.5	4.5	18.0	13.166666666666666	
Lang-47		2.0	2.0	3.0	4.5	12.0	9.5	
Lang-48		8.0	8.0	8.0	4.5	6.0	7.5	
Lang-49		5.0	5.0	1.0	6.0	6.0	13.0	
Lang-50		39.9	37.9	24.5	48.0	176.3	19.5	
Lang-51		10.0	10.0	14.0	9.0	7.0	4.0	
Lang-52		22.0	22.0	27.0	30.0	18.0	12.0	
Lang-53		24.25	24.25	24.25	19.75	32.25	30.0	
Lang-54		6.0	6.0	7.0	8.0	7.0	11.0	
Lang-55		14.5	15.0	15.0	12.5	18.5	17.5	
Lang-56		104.33333333333333	104.66666666666667	88.66666666666667	77.66666666666667	91.0	96.33333333333333	
Lang-57		6.0	6.0	6.0	1.0	3.0	15.0	
Lang-58		14.5	14.5	14.5	18.5	15.5	12.5	
Lang-59		1.0	1.0	3.0	2.0	2.0	3.0	
Lang-60		11.5	10.5	9.5	9.0	20.5	6.5	
Lang-61		20.0	20.0	21.0	28.0	33.0	21.0	
Lang-62		11.0	10.666666666666666	10.333333333333334	17.0	34.666666666666664	10.666666666666666	
Lang-63		30.210526315789473	29.736842105263158	30.94736842105263	26.68421052631579	51.21052631578947	41.31578947368421	
Lang-64		2.0	2.0	2.0	1.0	7.0	3.0	
Lang-65		12.0	11.666666666666666	13.0	17.0	10.333333333333334	12.666666666666666	
Math-1		10.0	9.5	11.0	20.5	333.5	51.5	
Math-2		57.0	54.0	50.0	48.0	67.0	20.0	
Math-3		8.0	8.0	11.0	3.0	20.0	9.0	
Math-4		8.5	9.5	9.5	10.0	128.0	26.0	
Math-5		3.0	3.0	1.0	4.0	10.0	1.0	
Math-6		1667.7058823529412	1648.9411764705883	1583.0588235294117	1641.4117647058824	1851.8823529411766	1488.2941176470588	
Math-7		96.57142857142857	85.85714285714286	71.14285714285714	228.85714285714286	625.4285714285714	245.42857142857142	
Math-8		4.5	4.5	3.5	3.5	24.5	21.5	
Math-9		1.0	1.0	1.0	2.0	66.0	4.0	
Math-10		81.0	68.0	19.0	102.0	167.0	85.0	
Math-11		246.0	170.0	137.0	162.0	342.0	157.0	
Math-12		431.0	431.0	432.0	440.0	404.0	427.0	
Math-13		158.0	159.0	153.0	152.0	107.0	179.0	
Math-14		98.0	99.0	104.5	141.0	19.5	100.0	
Math-15		478.5	479.0	417.0	724.0	399.0	589.0	
Math-17		99.0	99.0	92.0	59.0	71.0	113.0	
Math-18		384.0	384.5	435.0	424.5	139.5	257.5	
Math-19		246.0	169.0	58.0	267.0	434.0	133.0	
Math-20		839.0	838.0	786.0	351.0	476.0	750.0	
Math-21		41.90909090909091	39.36363636363637	60.81818181818182	84.54545454545455	32.27272727272727	63.63636363636363	
Math-22		4.0	4.0	1.5	2.0	133.5	37.5	
Math-23		195.2	198.8	213.2	166.0	142.2	213.2	
Math-24		237.0	227.0	190.0	231.5	224.5	170.5	
Math-25		69.0	69.0	62.0	36.0	12.0	48.0	
Math-26		25.0	25.0	30.5	32.5	220.5	47.0	
Math-27		2.0	2.0	2.0	1.0	15.0	8.0	
Math-28		35.4	33.0	43.0	34.8	145.6	24.8	
Math-29		19.4	13.6	6.4	7.6	42.2	20.0	
Math-30		22.0	22.0	25.0	10.0	137.0	164.0	
Math-31		216.16666666666666	215.25	214.0	237.83333333333334	390.0	223.75	
Math-32		5.0	5.0	2.0	1.0	1371.0	52.0	
Math-33		91.0	85.0	37.0	58.0	294.0	18.0	
Math-34		2.0	2.0	2.0	1.0	35.0	18.0	
Math-35		10.0	9.5	12.5	12.0	14.0	10.5	
Math-36		3.75	3.75	3.5	4.0	30.5	3.0	
Math-37		23.0	17.75	9.0	6.5	116.75	90.25	
Math-38		8.333333333333334	8.333333333333334	12.0	13.0	190.66666666666666	7.333333333333333	
Math-39		73.0	75.0	83.0	319.0	94.0	121.0	
Math-40		62.5	61.5	52.0	58.5	58.5	106.5	
Math-41		13.0	13.0	14.0	19.0	27.0	10.0	
Math-42		88.5	83.5	56.0	78.0	186.5	28.5	
Math-43		224.33333333333334	224.0	187.33333333333334	168.0	142.33333333333334	86.33333333333333	
Math-44		344.0	323.25	213.5	262.75	776.75	152.75	
Math-45		3.0	3.0	3.0	2.0	6.0	10.0	
Math-46		14.0	13.0	7.5	21.5	197.5	14.0	
Math-47		199.2	197.4	176.8	177.4	204.6	200.2	
Math-48		405.0	360.0	357.0	343.0	394.0	348.0	
Math-49		36.0	25.333333333333332	6.333333333333333	6.0	227.66666666666666	42.0	
Math-50		2.0	2.0	2.0	2.0	299.0	2.0	
Math-51		39.0	39.0	34.5	78.5	112.5	54.5	
Math-52		8.0	8.0	8.0	8.0	153.0	28.0	
Math-53		5.0	5.0	5.0	5.0	4.0	13.0	
Math-54		216.0	214.0	204.0	149.0	319.5	108.0	
Math-55		2.0	2.0	1.0	2.0	11.0	6.0	
Math-56		23.5	23.5	22.5	12.666666666666666	286.8333333333333	30.5	
Math-57		3.0	3.0	5.0	17.0	339.0	16.0	
Math-58		1123.0	1123.0	1115.0	1140.0	52.0	1110.0	
Math-59		642.0	642.0	2.0	439.0	886.0	3.0	
Math-60		58.0	50.0	38.5	29.0	342.0	34.5	
Math-61		398.0	399.5	285.0	209.5	211.0	257.0	
Math-62		328.75	328.75	328.75	191.5	184.75	349.25	
Math-63		1.0	1.0	1.0	3.0	12.0	6.0	
Math-64		242.92857142857142	243.57142857142858	234.57142857142858	205.92857142857142	250.92857142857142	181.0	
Math-65		202.16666666666666	193.83333333333334	143.0	229.5	33.0	237.33333333333334	
Math-66		131.0	308.6875	550.9375	475.6875	229.5625	534.5	
Math-67		203.5	203.5	203.5	260.0	120.5	207.5	
Math-68		200.85714285714286	203.14285714285714	202.85714285714286	202.42857142857142	299.14285714285717	231.42857142857142	
Math-69		25.0	26.0	26.0	43.0	184.0	15.0	
Math-70		1.0	1.0	1.0	1.0	2.0	9.0	
Math-71		6.0	6.0	1.5	3.5	307.5	53.5	
Math-72		10.0	10.0	1.5	2.5	20.0	16.5	
Math-73		4.0	4.0	2.0	2.0	78.0	13.0	
Math-74		927.6	926.4	917.0	699.2	430.0	1043.4	
Math-75		2.0	2.0	1.0	2.0	38.0	33.0	
Math-76		155.66666666666666	153.0	123.22222222222223	135.44444444444446	175.66666666666666	108.33333333333333	
Math-77		35.142857142857146	31.0	16.857142857142858	53.57142857142857	54.857142857142854	35.714285714285715	
Math-78		148.0	147.5	138.5	67.0	132.5	81.0	
Math-79		5.5	5.5	31.0	20.5	32.5	13.0	
Math-80		16.0	16.0	14.0	8.0	409.0	75.0	
Math-81		163.0	168.0	175.66666666666666	130.33333333333334	279.0	277.3333333333333	
Math-82		161.0	161.0	166.0	97.0	63.0	227.0	
Math-83		67.33333333333333	72.66666666666667	70.66666666666667	114.0	86.66666666666667	79.33333333333333	
Math-84		51.0	58.333333333333336	69.33333333333333	46.0	91.0	119.0	
Math-85		40.0	46.0	65.0	40.0	19.0	3.0	
Math-86		112.33333333333333	116.0	134.66666666666666	65.33333333333333	23.0	122.33333333333333	
Math-87		111.0	123.0	139.75	98.5	204.5	121.5	
Math-88		92.0	75.28571428571429	34.285714285714285	87.28571428571429	159.14285714285714	22.0	
Math-89		1.0	1.0	1.0	1.0	14.0	12.0	
Math-90		2.0	2.0	4.0	2.0	13.0	2.0	
Math-91		2.5	2.5	1.5	2.5	12.5	2.0	
Math-92		15.833333333333334	16.0	15.833333333333334	20.0	15.666666666666666	18.5	
Math-93		7.25	7.25	8.0	9.5	12.25	9.75	
Math-94		19.0	19.0	20.0	8.0	22.0	6.0	
Math-95		6.0	6.0	5.666666666666667	7.666666666666667	69.66666666666667	10.666666666666666	
Math-96		5.0	5.0	5.0	5.0	13.0	2.0	
Math-97		21.75	21.5	19.0	15.75	42.5	13.75	
Math-98		19.5	18.0	19.0	8.0	31.5	16.5	
Math-99		14.5	13.5	10.5	8.0	18.5	22.0	
Math-100		110.5	111.5	114.5	108.0	31.0	60.5	
Math-101		13.0	10.0	8.0	14.0	57.0	14.0	
Math-102		6.5	6.25	8.0	9.25	184.0	6.25	
Math-103		32.0	34.0	37.0	18.0	35.0	44.0	
Math-104		61.0	62.0	63.0	63.0	58.0	64.0	
Math-105		14.0	15.0	16.0	25.0	3.0	10.0	
Math-106		6.0	6.0	6.0	6.5	39.0	10.5	
Mockito-1		1.0	1.0	2.0	2.0	413.0	791.0	
Mockito-2		109.66666666666667	108.66666666666667	37.666666666666664	95.0	176.66666666666666	102.0	
Mockito-3		110.25	109.0	101.25	230.25	283.0	98.0	
Mockito-4		4.5	4.5	4.5	15.0	353.5	13.5	
Mockito-5		24.0	24.0	28.0	5.0	88.0	40.0	
Mockito-6		9.428571428571429	9.428571428571429	9.0	9.5	413.5	59.214285714285715	
Mockito-7		646.0	647.0	647.0	629.0	291.0	646.0	
Mockito-8		56.0	52.0	36.0	62.0	64.0	21.0	
Mockito-9		594.0	594.0	569.0	519.0	232.0	147.0	
Mockito-10		128.2	127.6	105.8	150.6	224.6	103.0	
Mockito-11		1.0	1.0	1.0	1.0	144.0	2.0	
Mockito-12		71.5	71.5	71.5	1.5	197.5	148.5	
Mockito-13		188.5	188.5	181.5	189.5	320.0	367.0	
Mockito-14		288.0	286.8	288.6	279.6	397.2	320.4	
Mockito-15		189.5	190.0	200.0	162.0	380.5	124.0	
Mockito-16		226.8	228.6	233.2	187.4	358.6	205.6	
Mockito-17		68.8	68.8	66.4	80.2	77.4	65.8	
Mockito-18		13.0	13.0	14.0	161.0	273.0	22.0	
Mockito-20		628.6666666666666	624.3333333333334	603.0	640.3333333333334	345.3333333333333	454.0	
Mockito-21		4.2	4.2	3.8	3.4	119.8	13.4	
Mockito-22		15.0	15.0	15.0	145.0	116.0	179.0	
Mockito-23		165.66666666666666	164.66666666666666	157.33333333333334	138.44444444444446	213.55555555555554	283.3333333333333	
Mockito-24		4.0	4.0	1.0	1.0	308.0	11.0	
Mockito-25		126.0	128.5	128.16666666666666	142.66666666666666	217.0	226.0	
Mockito-26		273.0	275.0	280.0	620.0	379.0	574.0	
Mockito-27		30.5	28.0	25.5	32.5	198.5	162.0	
Mockito-28		389.0	390.0	396.0	202.0	263.0	250.0	
Mockito-29		84.0	80.0	31.0	5.0	591.0	437.0	
Mockito-30		142.0	114.5	90.0	121.0	26.0	133.5	
Mockito-31		214.0	214.0	206.0	159.5	152.5	223.0	
Mockito-32		321.5	321.5	323.0	235.5	355.5	420.0	
Mockito-33		297.0	296.0	296.0	234.0	297.0	238.0	
Mockito-34		147.0	148.0	148.0	266.0	3.0	341.0	
Mockito-35		5.666666666666667	5.666666666666667	6.333333333333333	15.666666666666666	161.66666666666666	22.333333333333332	
Mockito-36		218.5	224.5	237.5	113.0	220.0	286.0	
Mockito-37		66.0	71.0	81.0	152.0	401.0	213.0	
Chart-1		10.0	17.0	31.0	35.0	52.0	20.0	
Chart-2		79.5	83.33333333333333	97.5	62.166666666666664	96.16666666666667	46.166666666666664	
Chart-3		18.0	15.0	11.0	10.0	40.0	9.0	
Chart-5		7.0	6.5	7.0	3.5	48.0	12.5	
Time-27		342.0	343.0	352.0	525.0	24.666666666666668	556.3333333333334	
Time-1		17.25	15.5	8.0	33.75	403.5	34.75	
Time-2		23.5	23.75	22.0	36.0	1206.0	96.5	
Time-3		9.75	8.916666666666666	7.166666666666667	8.5	780.6666666666666	7.583333333333333	
Time-4		35.0	32.0	28.0	28.0	98.0	10.0	
Time-5		106.5	98.5	78.0	122.0	999.75	154.75	
Time-6		98.0	96.5	99.0	118.5	891.5	409.5	
Time-8		59.333333333333336	53.666666666666664	30.333333333333332	14.666666666666666	264.0	36.333333333333336	
Time-9		37.6	31.8	23.0	18.0	412.6	36.8	
Time-10		235.5	231.0	208.0	132.5	1283.0	132.0	
Time-11		436.0	496.3333333333333	425.3333333333333	435.0	1060.6666666666667	833.3333333333334	
Time-12		15.666666666666666	13.333333333333334	5.5	23.5	453.8333333333333	30.5	
Time-13		327.0	331.0	330.0	802.0	219.0	408.0	
Time-14		103.0	68.0	31.0	38.0	230.0	79.0	
Time-15		6.0	6.0	7.0	3.0	12.0	4.0	
Time-16		19.5	16.0	9.0	134.5	176.5	68.0	
Time-17		12.2	11.6	5.2	6.8	838.4	18.8	
Time-18		5.0	5.0	4.0	5.0	1005.0	19.0	
Time-19		190.0	183.0	175.0	31.0	852.0	266.0	
Time-20		334.0	332.0	321.0	299.0	1165.0	128.0	
Time-21		33.5	31.833333333333332	27.0	43.5	138.0	10.5	
Time-22		15.0	14.0	16.0	17.5	687.5	107.5	
Time-23		22.0	22.0	25.333333333333332	18.11111111111111	206.11111111111111	29.11111111111111	
Time-24		494.0	490.0	478.0	439.0	92.0	799.0	
Time-26		1335.0	1305.0	1267.0	829.0	1854.0	1603.0	
Time-25		206.0	207.0	207.0	86.0	1374.0	217.0	
Lang-1		8.333333333333334	7.0	5.0	6.666666666666667	11.0	6.0	
Lang-2		16.0	17.0	21.0	23.0	28.0	19.0	
Lang-3		7.0	7.0	4.5	6.5	8.0	12.5	
Lang-4		7.25	7.5	8.75	16.5	9.75	12.5	
Lang-5		5.0	4.0	2.5	1.5	2.0	4.5	
Lang-6		75.0	76.0	101.0	128.0	78.0	83.0	
Lang-7		143.0	143.0	174.0	112.0	41.8	120.0	
Lang-8		52.0	48.0	44.0	212.0	41.0	19.0	
Lang-9		138.0	142.0	156.0	38.0	145.0	86.0	
Lang-10		149.83333333333334	154.5	148.0	151.5	210.66666666666666	127.5	
Lang-11		4.0	4.0	7.0	2.0	11.0	14.0	
Lang-12		5.333333333333333	6.333333333333333	8.333333333333334	5.666666666666667	8.333333333333334	16.666666666666668	
Lang-13		19.0	21.0	22.0	22.0	6.0	18.0	
Lang-14		5.0	6.0	12.0	12.0	12.0	5.0	
Lang-15		261.5	261.75	267.0	217.0	343.75	256.0	
Lang-16		1.0	1.0	28.0	65.0	83.0	21.0	
Lang-17		105.0	105.33333333333333	121.0	80.33333333333333	78.0	110.66666666666667	
Lang-18		137.5	137.0	133.0	142.75	195.25	105.25	
Lang-19		12.0	12.5	13.0	16.25	11.25	12.25	
Lang-20		17.0	17.0	16.5	20.0	6.0	8.0	
Lang-21		2.0	2.0	2.0	2.0	13.0	7.0	
Lang-22		28.0	30.0	47.0	29.0	12.0	12.0	
Lang-23		48.5	48.5	65.0	47.0	121.0	99.5	
Lang-24		41.0	41.0	64.0	9.0	60.0	94.0	
Lang-25		11.5	11.5	11.5	12.5	13.5	2.5	
Lang-26		16.0	16.0	14.0	13.0	45.0	55.0	
Lang-27		192.5	192.5	151.5	145.5	66.5	136.5	
Lang-28		11.0	11.0	3.5	4.5	8.5	6.5	
Lang-29		2.0	2.0	1.0	1.0	39.0	6.0	
Lang-30		22.9375	22.8125	23.75	27.375	33.875	32.9375	
Lang-31		5.333333333333333	5.333333333333333	6.0	8.333333333333334	26.333333333333332	5.666666666666667	
Lang-32		48.0	48.25	49.0	50.75	39.0	48.75	
Lang-33		6.0	6.0	7.0	6.0	59.0	14.0	
Lang-34		213.0	219.5	209.5	63.0	9.0	232.0	
Lang-35		4.0	4.0	6.0	5.0	2.5	4.0	
Lang-36		74.33333333333333	74.33333333333333	98.66666666666667	60.666666666666664	120.33333333333333	98.0	
Lang-37		7.5	7.5	9.5	11.5	6.5	5.5	
Lang-38		6.0	6.0	3.0	10.0	38.0	10.0	
Lang-39		45.0	45.0	43.0	34.0	27.0	56.0	
Lang-40		3.0	3.0	3.0	11.0	15.0	14.0	
Lang-41		15.8	16.6	17.0	18.0	21.6	10.4	
Lang-42		26.5	26.5	25.0	31.0	140.0	52.0	
Lang-43		13.0	6.0	6.0	8.0	26.0	1.0	
Lang-44		5.0	5.0	5.0	2.0	17.0	4.0	
Lang-45		9.0	9.0	8.0	10.0	21.0	11.0	
Lang-46		11.833333333333334	11.5	10.0	11.166666666666666	17.666666666666668	12.333333333333334	
Lang-47		3.5	3.5	4.0	4.0	6.0	7.5	
Lang-48		10.0	10.0	9.0	10.5	4.5	7.5	
Lang-49		1.0	1.0	1.0	2.0	32.0	3.0	
Lang-50		38.1	36.5	23.5	37.9	83.9	40.4	
Lang-51		13.0	13.0	14.0	19.0	17.0	7.0	
Lang-52		29.0	30.0	32.0	13.0	13.0	25.0	
Lang-53		18.5	19.0	19.75	18.5	32.0	27.25	
Lang-54		6.0	6.0	7.0	8.0	7.0	19.0	
Lang-55		14.0	14.0	14.5	14.0	22.0	14.0	
Lang-56		75.66666666666667	72.33333333333333	72.0	91.66666666666667	97.33333333333333	83.33333333333333	
Lang-57		6.0	6.0	6.0	2.0	11.0	14.0	
Lang-58		21.5	21.5	18.5	11.0	15.5	14.5	
Lang-59		1.0	1.0	3.0	4.0	7.0	2.0	
Lang-60		6.5	6.5	7.5	8.0	19.5	15.0	
Lang-61		31.0	29.0	27.0	23.0	28.0	25.0	
Lang-62		13.666666666666666	12.333333333333334	8.0	13.666666666666666	36.0	15.666666666666666	
Lang-63		37.0	34.526315789473685	32.68421052631579	38.68421052631579	73.73684210526316	33.73684210526316	
Lang-64		2.0	2.0	2.0	2.0	46.0	7.0	
Lang-65		17.0	17.0	18.333333333333332	15.333333333333334	15.0	7.666666666666667	
Chart-8		1.0	1.0	1.0	1.0	4.0	18.0	
Chart-5		10.0	9.5	7.5	24.0	3.0	16.0	
Chart-6		105.0	106.0	105.0	110.0	75.0	77.0	
Chart-7		57.5	60.5	62.0	53.0	39.0	49.0	
Chart-8		2.0	2.0	2.0	5.0	34.0	15.0	
Chart-9		8.0	8.0	7.0	4.0	1.0	18.0	
Chart-10		3.0	3.0	3.0	2.0	51.0	1.0	
Chart-11		3.0	3.0	5.0	11.0	22.0	17.0	
Chart-12		16.0	16.0	16.0	36.0	284.0	8.0	
Chart-13		10.0	10.0	48.0	70.0	222.0	11.0	
Chart-14		25.5	23.5	16.0	39.25	361.25	55.75	
Chart-15		35.5	35.5	26.0	42.5	906.5	171.5	
Chart-16		12.0	5.666666666666667	8.333333333333334	3.3333333333333335	28.333333333333332	10.333333333333334	
Chart-17		5.0	5.0	6.0	2.0	1.0	5.0	
Chart-18		12.571428571428571	12.571428571428571	11.285714285714286	13.857142857142858	34.285714285714285	14.0	
Chart-19		11.0	8.5	1.5	3.0	506.0	14.5	
Chart-20		79.0	72.0	34.0	67.0	40.0	2.0	
Chart-21		44.25	45.0	46.25	41.25	83.25	50.5	
Chart-22		37.6	31.6	25.8	28.4	78.2	17.8	
Chart-23		184.0	184.0	215.0	136.0	217.0	90.0	
Chart-24		2.0	2.0	3.0	2.0	5.0	6.0	
Chart-25		3184.7	3126.2	1659.9	1496.9	350.3	1598.9	
Time-15		6.0	6.0	7.0	1.0	14.0	10.0	
Time-17		10.2	10.0	5.8	11.8	727.2	13.6	
Time-18		3.0	3.0	4.0	6.0	185.0	18.0	
Lang-1		5.666666666666667	5.0	5.666666666666667	3.6666666666666665	16.0	8.333333333333334	
Lang-2		15.0	15.0	18.0	22.0	17.0	21.0	
Lang-3		17.5	14.5	4.5	4.5	14.0	20.5	
Lang-4		13.75	13.75	11.75	13.5	14.75	20.5	
Lang-5		4.0	3.0	3.0	6.0	5.5	6.5	
Lang-6		110.0	112.0	104.0	76.0	74.0	80.0	
Lang-7		133.0	133.0	161.2	127.8	63.0	45.8	
Lang-8		34.0	35.0	35.0	49.0	295.0	60.0	
Lang-9		134.0	147.0	167.0	186.0	211.0	152.0	
Lang-10		168.83333333333334	169.16666666666666	159.66666666666666	161.66666666666666	249.83333333333334	222.0	
Lang-11		8.0	8.0	6.0	4.0	10.0	10.0	
Lang-12		5.333333333333333	6.333333333333333	8.333333333333334	10.333333333333334	13.333333333333334	11.0	
Lang-13		20.0	24.0	22.0	19.0	2.0	20.0	
Lang-14		6.0	10.0	14.0	11.0	8.0	16.0	
Lang-15		234.25	284.25	236.25	237.5	238.25	245.75	
Lang-16		29.0	29.0	36.0	33.0	52.0	35.0	
Lang-17		117.0	117.0	123.66666666666667	125.0	90.33333333333333	125.0	
Lang-18		106.75	106.75	116.5	120.25	67.5	127.25	
Lang-19		15.25	14.0	12.75	17.5	9.25	12.75	
Lang-20		17.0	17.0	16.0	17.0	15.5	16.5	
Lang-21		6.0	4.0	2.0	1.0	12.0	1.0	
Lang-22		17.0	21.0	40.0	31.0	1.0	43.0	
Lang-23		66.0	89.5	89.5	78.0	65.0	85.0	
Lang-24		128.0	127.0	64.0	38.0	30.0	79.0	
Lang-25		2.5	2.5	3.0	3.5	14.0	6.5	
Lang-26		53.0	40.0	17.0	16.0	54.0	90.0	
Lang-27		58.5	58.5	129.5	115.0	206.0	133.0	
Lang-28		31.0	21.5	7.0	4.5	13.5	1.5	
Lang-29		1.0	1.0	1.0	1.0	55.0	2.0	
Lang-30		25.375	25.25	25.0	24.1875	31.75	24.5625	
Lang-31		4.666666666666667	4.333333333333333	5.333333333333333	3.3333333333333335	23.666666666666668	8.333333333333334	
Lang-32		40.0	40.75	41.75	40.75	72.5	47.25	
Lang-33		8.0	8.0	7.0	8.0	6.0	3.0	
Lang-34		143.0	171.5	199.5	106.5	338.0	217.5	
Lang-35		9.5	9.0	6.0	4.0	7.0	10.5	
Lang-36		81.66666666666667	75.0	100.33333333333333	50.333333333333336	105.66666666666667	133.66666666666666	
Lang-37		7.0	7.0	9.5	10.0	9.0	2.0	
Lang-38		6.0	6.0	3.0	1.0	75.0	30.0	
Lang-39		8.0	8.0	11.0	41.0	13.0	37.0	
Lang-40		9.0	9.0	8.0	8.0	13.0	6.0	
Lang-41		21.8	20.0	16.2	19.8	18.8	14.6	
Lang-42		14.5	14.5	22.5	73.5	113.5	29.5	
Lang-43		19.0	10.0	6.0	9.0	22.0	1.0	
Lang-44		1.0	1.0	1.0	3.0	18.0	7.0	
Lang-45		3.0	3.0	8.0	9.0	23.0	14.0	
Lang-46		9.0	8.5	8.5	7.833333333333333	13.333333333333334	8.333333333333334	
Lang-47		2.5	2.5	3.5	1.5	7.0	4.5	
Lang-48		4.0	5.5	6.5	9.5	6.5	12.0	
Lang-49		1.0	1.0	1.0	3.0	5.0	1.0	
Lang-50		39.0	27.9	22.1	34.2	132.4	29.7	
Lang-51		2.0	2.0	14.0	8.0	3.0	9.0	
Lang-52		19.0	19.0	25.0	16.0	1.0	32.0	
Lang-53		18.5	19.5	20.5	17.25	35.5	18.75	
Lang-54		2.0	2.0	6.0	8.0	1.0	11.0	
Lang-55		12.0	13.0	14.0	10.5	18.5	14.5	
Lang-56		91.33333333333333	86.0	82.33333333333333	105.33333333333333	98.66666666666667	98.33333333333333	
Lang-57		6.0	6.0	6.0	2.0	12.0	16.0	
Lang-58		27.5	27.5	22.0	33.5	7.5	37.0	
Lang-59		7.0	6.0	7.0	3.0	5.0	8.0	
Lang-60		7.0	7.5	8.5	14.5	8.5	9.0	
Lang-61		33.0	33.0	28.0	43.0	18.0	15.0	
Lang-62		4.333333333333333	4.333333333333333	5.0	6.0	51.0	11.333333333333334	
Lang-63		39.0	37.78947368421053	38.1578947368421	41.05263157894737	30.31578947368421	38.8421052631579	
Lang-64		1.0	1.0	2.0	1.0	4.0	22.0	
Lang-65		14.666666666666666	14.666666666666666	14.666666666666666	12.666666666666666	15.666666666666666	16.333333333333332	
Lang-1		8.0	6.0	5.666666666666667	10.333333333333334	15.333333333333334	11.333333333333334	
Lang-2		12.0	15.0	18.0	20.0	20.0	12.0	
Lang-3		19.0	17.5	6.5	9.5	15.0	25.0	
Lang-4		14.5	15.0	15.5	16.25	16.25	8.5	
Lang-5		10.5	9.0	3.5	8.5	8.0	6.5	
Lang-6		50.0	70.0	84.0	123.0	76.0	59.0	
Lang-7		111.0	111.0	155.0	130.8	82.6	84.2	
Lang-8		44.0	43.0	40.0	57.0	109.0	32.0	
Lang-9		157.0	168.0	177.0	127.0	21.0	184.0	
Lang-10		147.33333333333334	148.33333333333334	149.83333333333334	158.83333333333334	201.0	168.33333333333334	
Lang-11		11.0	11.0	11.0	6.0	8.0	13.0	
Lang-12		4.333333333333333	5.333333333333333	6.333333333333333	5.333333333333333	13.666666666666666	6.666666666666667	
Lang-1		2.0	1.0	1.0	1.0	4.0	12.0	
Lang-2		12.0	12.0	13.0	13.0	11.0	14.0	
Lang-3		5.0	5.0	4.0	4.0	4.0	11.0	
Lang-4		6.75	6.75	7.75	8.0	11.0	5.75	
Lang-5		3.5	3.5	3.5	3.5	4.5	13.5	
Lang-6		1.0	1.0	5.0	3.0	9.0	8.0	
Lang-7		35.666666666666664	35.666666666666664	44.0	36.333333333333336	39.0	33.0	
Lang-8		11.0	11.0	18.0	32.0	23.0	14.0	
Lang-9		58.0	59.0	59.0	62.0	28.0	63.0	
Lang-10		90.5	94.5	107.0	81.0	74.0	77.0	
Lang-11		8.0	8.0	9.0	7.0	10.0	6.0	
Lang-12		7.333333333333333	8.0	9.333333333333334	9.0	12.0	11.666666666666666	
Lang-13		11.0	10.0	11.0	13.0	8.0	7.0	
Lang-14		11.0	11.0	14.0	14.0	3.0	14.0	
Lang-15		258.3333333333333	281.6666666666667	294.3333333333333	297.0	75.33333333333333	288.0	
Lang-16		14.0	14.0	14.0	3.0	27.0	17.0	
Lang-17		35.333333333333336	36.333333333333336	41.333333333333336	32.0	30.0	32.0	
Lang-18		98.75	99.75	109.25	100.75	83.75	101.75	
Lang-19		3.6666666666666665	3.6666666666666665	3.3333333333333335	4.666666666666667	6.333333333333333	3.3333333333333335	
Lang-20		2.0	2.0	2.0	2.0	5.0	4.0	
Lang-21		2.0	2.0	2.0	2.0	7.0	2.0	
Lang-22		10.0	14.0	19.0	16.0	15.0	16.0	
Lang-23		47.0	47.0	47.0	62.0	87.0	23.0	
Lang-24		17.0	17.0	3.0	18.0	20.0	16.0	
Lang-25		9.0	9.0	9.0	9.5	13.0	15.0	
Lang-26		17.0	17.0	9.0	19.0	5.0	20.0	
Lang-27		50.0	50.0	48.5	30.5	57.5	40.5	
Lang-28		17.5	13.0	6.0	9.0	12.5	6.5	
Lang-29		14.0	14.0	14.0	1.0	1.0	8.0	
Lang-30		1.5	1.5	1.5	2.0	9.5	8.5	
Lang-31		7.0	7.0	7.0	7.666666666666667	9.666666666666666	4.666666666666667	
Lang-32		9.5	9.5	10.0	9.5	14.0	11.0	
Lang-33		11.0	11.0	11.0	9.0	6.0	4.0	
Lang-34		122.0	176.0	183.0	192.0	231.5	188.0	
Lang-35		11.0	11.0	11.0	1.0	7.0	4.0	
Lang-36		38.0	36.5	40.0	79.0	65.5	28.0	
Lang-37		14.0	14.0	14.0	6.0	10.0	16.0	
Lang-38		1.0	1.0	3.0	1.0	28.0	5.0	
Lang-39		15.0	15.0	15.0	9.0	8.0	8.0	
Lang-40		6.0	5.0	1.0	4.0	7.0	1.0	
Lang-41		1.0	1.0	2.0	5.0	2.0	16.0	
Lang-42		6.0	7.0	12.5	14.0	10.5	19.5	
Lang-43		1.0	1.0	1.0	1.0	2.0	1.0	
Lang-44		3.0	3.0	3.0	15.0	11.0	9.0	
Lang-45		7.0	7.0	8.0	16.0	6.0	6.0	
Lang-46		4.833333333333333	4.833333333333333	4.666666666666667	4.333333333333333	8.333333333333334	6.666666666666667	
Lang-47		11.0	7.0	4.0	16.0	5.0	7.0	
Lang-48		8.5	8.5	9.5	9.0	11.5	9.0	
Lang-49		10.0	10.0	6.0	6.0	6.0	2.0	
Lang-50		30.125	27.625	24.5	34.125	54.0	35.875	
Lang-51		10.0	10.0	14.0	14.0	6.0	6.0	
Lang-52		16.0	16.0	8.0	8.0	7.0	2.0	
Lang-53		6.0	7.0	8.0	5.0	2.0	4.0	
Lang-54		1.0	1.0	2.0	2.0	7.0	2.0	
Lang-55		8.0	8.0	8.0	13.0	14.0	10.0	
Lang-56		23.5	23.5	22.0	17.0	17.5	26.0	
Lang-57		6.0	6.0	6.0	4.0	15.0	15.0	
Lang-58		10.0	10.0	10.0	8.0	4.0	4.0	
Lang-59		2.0	2.0	2.0	5.0	7.0	3.0	
Lang-60		1.0	1.0	1.0	1.0	3.0	5.0	
Lang-61		1.0	1.0	1.0	1.0	2.0	7.0	
Lang-62		7.0	6.666666666666667	5.333333333333333	4.666666666666667	4.0	8.0	
Lang-63		24.833333333333332	22.666666666666668	21.333333333333332	24.5	41.833333333333336	21.666666666666668	
Lang-64		4.0	4.0	1.0	2.0	8.0	16.0	
Lang-65		13.333333333333334	12.0	12.0	12.333333333333334	6.333333333333333	7.333333333333333	
Lang-1		16.0	7.0	2.0	
Lang-2		12.0	12.0	14.0	
Lang-3		6.0	6.0	4.0	
Lang-4		8.5	8.5	9.25	
Lang-5		3.0	3.0	3.0	
Lang-6		1.0	2.0	5.0	
Lang-7		41.333333333333336	41.333333333333336	41.666666666666664	
Lang-1		3.0	2.0	2.0	
Lang-2		15.0	14.0	14.0	
Lang-3		1.0	1.0	1.0	
Lang-4		3.5	3.5	5.5	
Lang-5		2.0	2.0	1.5	
Lang-6		4.0	4.0	4.0	
Lang-7		28.666666666666668	28.666666666666668	33.666666666666664	
Lang-1		4.0	3.0	2.0	
Lang-2		10.0	11.0	13.0	
Lang-3		5.0	5.0	3.0	
Lang-4		6.0	6.0	5.5	
Lang-5		2.0	1.5	1.5	
Lang-6		4.0	4.0	4.0	
Lang-7		20.666666666666668	20.666666666666668	30.0	
Lang-8		25.0	25.0	28.0	
Lang-9		52.0	52.0	52.0	
Lang-10		56.0	67.5	97.0	
Lang-11		2.0	2.0	2.0	
Lang-12		3.0	3.0	3.5	
Lang-13		4.0	4.0	5.0	
Lang-14		2.0	2.0	2.0	
Lang-15		221.33333333333334	221.33333333333334	220.33333333333334	
Lang-16		12.0	12.0	15.0	
Lang-17		41.333333333333336	41.0	40.666666666666664	
Lang-18		98.0	98.25	115.75	
Lang-19		3.6666666666666665	3.6666666666666665	3.3333333333333335	
Lang-20		1.0	1.0	1.0	
Lang-21		1.0	1.0	2.0	
Lang-22		4.0	8.0	14.0	
Lang-23		4.0	4.0	4.0	
Lang-24		30.0	29.0	3.0	
Lang-25		8.5	8.5	8.5	
Lang-26		17.0	15.0	8.0	
Lang-27		35.5	35.5	38.5	
Lang-28		6.5	6.5	3.5	
Lang-29		8.0	8.0	9.0	
Lang-1		4.0	4.0	2.0	
Lang-2		16.0	16.0	14.0	
Lang-3		1.0	1.0	1.0	
Lang-4		5.5	5.5	5.5	
Lang-5		1.5	1.5	1.5	
Lang-6		3.0	3.0	3.0	
Lang-7		38.0	38.0	37.0	
Lang-8		39.0	38.0	36.0	
Lang-9		42.0	45.0	48.0	
Lang-10		110.5	110.5	111.5	
Lang-11		3.0	3.0	3.0	
Lang-12		2.5	2.5	2.5	
Lang-13		4.0	6.0	5.0	
Lang-14		2.0	2.0	2.0	
Lang-15		243.66666666666666	281.6666666666667	216.66666666666666	
Lang-16		6.0	6.0	12.0	
Lang-17		29.666666666666668	30.333333333333332	37.333333333333336	
Lang-18		116.25	115.5	118.75	
Lang-19		7.0	6.333333333333333	4.0	
Lang-20		1.0	1.0	1.0	
Lang-21		1.0	1.0	2.0	
Lang-22		11.0	13.0	19.0	
Lang-23		47.5	47.5	47.5	
Lang-24		15.0	15.0	3.0	
Lang-25		8.5	8.5	8.5	
Lang-26		7.0	7.0	7.0	
Lang-27		33.0	33.5	39.5	
Lang-28		16.0	11.0	4.5	
Lang-29		7.0	7.0	7.0	
Lang-1		3.0	3.0	2.0	
Lang-2		12.0	12.0	12.0	
Lang-3		7.0	7.0	4.0	
Lang-4		5.5	5.5	6.0	
Lang-5		1.5	1.5	1.5	
Lang-6		2.0	2.0	2.0	
Lang-7		26.0	26.0	32.666666666666664	
Lang-8		36.0	35.0	35.0	
Lang-9		24.0	29.0	44.0	
Lang-10		81.5	86.0	106.0	
Lang-11		5.0	5.0	5.0	
Lang-12		3.5	3.5	3.5	
Lang-13		7.0	7.0	5.0	
Lang-14		1.0	1.0	1.0	
Lang-15		203.0	252.66666666666666	255.66666666666666	
Lang-16		3.0	3.0	11.0	
Lang-17		15.666666666666666	19.666666666666668	27.666666666666668	
Lang-18		111.5	111.75	114.75	
Lang-19		5.0	3.6666666666666665	3.3333333333333335	
Lang-20		2.0	2.0	2.0	
Lang-21		1.0	1.0	2.0	
Lang-22		8.0	12.0	17.0	
Lang-23		45.5	45.5	45.5	
Lang-24		14.0	14.0	3.0	
Lang-25		1.5	1.5	1.5	
Lang-26		8.0	8.0	8.0	
Lang-27		42.0	42.0	41.5	
Lang-28		4.5	3.0	2.5	
Lang-29		5.0	5.0	5.0	
Lang-1		1.0	6.0	1.0	
Lang-2		6.0	8.0	7.0	
Lang-3		4.0	5.0	3.0	
Lang-4		8.25	9.5	9.25	
Lang-5		10.0	8.5	7.5	
Lang-6		5.0	6.0	8.0	
Lang-7		31.333333333333332	30.333333333333332	51.666666666666664	
Lang-8		38.0	51.0	36.0	
Lang-9		62.0	51.0	61.0	
Lang-10		109.0	58.5	98.0	
Lang-11		2.0	6.0	7.0	
Lang-12		5.0	8.333333333333334	9.333333333333334	
Lang-13		9.0	5.0	5.0	
Lang-14		15.0	10.0	9.0	
Lang-15		256.3333333333333	163.33333333333334	224.0	
Lang-16		1.0	29.0	16.0	
Lang-17		30.333333333333332	42.333333333333336	23.0	
Lang-18		109.0	119.5	59.25	
Lang-19		3.6666666666666665	5.666666666666667	6.333333333333333	
Lang-20		2.0	7.0	2.0	
Lang-21		1.0	6.0	1.0	
Lang-22		17.0	32.0	3.0	
Lang-23		67.0	82.0	19.5	
Lang-24		2.0	14.0	4.0	
Lang-25		10.5	14.0	4.0	
Lang-26		9.0	11.0	11.0	
Lang-27		37.5	58.5	46.0	
Lang-28		3.0	9.5	10.5	
Lang-29		16.0	1.0	3.0	
Lang-30		4.5	5.5	5.0	
Lang-31		6.333333333333333	8.0	10.333333333333334	
Lang-32		7.0	12.5	11.5	
Lang-33		4.0	10.0	10.0	
Lang-34		63.5	253.5	210.0	
Lang-35		3.0	7.0	7.0	
Lang-36		63.0	46.5	26.5	
Lang-37		9.0	7.0	1.0	
Lang-38		1.0	14.0	6.0	
Lang-39		7.0	10.0	9.0	
Lang-40		10.0	7.0	2.0	
Lang-41		2.0	8.0	10.0	
Lang-42		28.5	32.5	35.5	
Lang-43		1.0	6.0	2.0	
Lang-44		14.0	14.0	14.0	
Lang-45		6.0	6.0	11.0	
Lang-46		5.333333333333333	8.833333333333334	9.5	
Lang-47		15.0	4.0	5.0	
Lang-48		8.5	6.5	10.0	
Lang-49		3.0	7.0	5.0	
Lang-50		35.625	36.75	23.75	
Lang-51		9.0	5.0	10.0	
Lang-52		12.0	15.0	10.0	
Lang-53		10.0	2.0	5.0	
Lang-54		3.0	8.0	3.0	
Lang-55		5.0	11.0	16.0	
Lang-56		21.0	13.5	26.0	
Lang-57		3.0	16.0	15.0	
Lang-58		13.0	6.0	2.0	
Lang-59		1.0	13.0	2.0	
Lang-60		1.0	3.0	2.0	
Lang-61		2.0	6.0	1.0	
Lang-62		6.333333333333333	7.333333333333333	12.0	
Lang-63		19.083333333333332	31.0	20.833333333333332	
Lang-64		4.0	6.0	13.0	
Lang-65		11.333333333333334	8.0	7.333333333333333	
Lang-1		3.0	3.0	2.0	
Lang-2		13.0	13.0	14.0	
Lang-3		3.0	3.0	1.0	
Lang-4		7.0	7.0	6.0	
Lang-5		1.5	1.5	1.5	
Lang-6		2.0	2.0	2.0	
Lang-7		31.0	31.0	33.333333333333336	
Lang-8		25.0	25.0	26.0	
Lang-9		16.0	18.0	38.0	
Lang-10		81.5	87.5	108.5	
Lang-11		6.0	6.0	5.0	
Lang-12		3.5	3.5	3.5	
Lang-13		8.0	8.0	6.0	
Lang-14		1.0	1.0	1.0	
Lang-15		296.3333333333333	302.3333333333333	221.0	
Lang-16		4.0	4.0	12.0	
Lang-17		20.0	22.333333333333332	34.0	
Lang-18		110.25	109.75	116.0	
Lang-19		2.3333333333333335	2.3333333333333335	3.0	
Lang-20		1.0	1.0	1.0	
Lang-21		2.0	2.0	2.0	
Lang-22		21.0	19.0	21.0	
Lang-23		18.5	18.5	18.5	
Lang-24		3.0	3.0	3.0	
Lang-25		4.5	4.5	4.5	
Lang-26		5.0	7.0	7.0	
Lang-27		25.0	25.0	34.0	
Lang-28		4.5	4.0	3.0	
Lang-29		9.0	9.0	12.0	
Lang-30		1.5	1.5	1.5	
Lang-31		1.0	1.0	1.0	
Lang-32		8.5	8.0	8.0	
Lang-33		4.0	4.0	4.0	
Lang-34		98.0	160.0	180.0	
Lang-35		3.0	3.0	3.0	
Lang-36		15.5	15.0	41.5	
Lang-37		2.0	2.0	2.0	
Lang-38		4.0	4.0	3.0	
Lang-39		5.0	5.0	5.0	
Lang-40		2.0	2.0	2.0	
Lang-41		2.0	2.0	2.0	
Lang-42		8.5	9.5	9.5	
Lang-43		1.0	1.0	1.0	
Lang-44		1.0	1.0	1.0	
Lang-45		3.0	3.0	4.0	
Lang-46		3.6	3.4	3.0	
Lang-47		2.0	2.0	2.0	
Lang-48		1.0	1.0	1.0	
Lang-49		4.0	4.0	4.0	
Lang-50		22.125	21.375	20.25	
Lang-51		2.0	2.0	4.0	
Lang-52		5.0	5.0	6.0	
Lang-53		2.0	2.0	2.0	
Lang-54		2.0	2.0	1.0	
Lang-55		8.0	8.0	8.0	
Lang-56		5.5	5.5	6.5	
Lang-57		4.0	4.0	4.0	
Lang-58		4.0	4.0	4.0	
Lang-59		2.0	2.0	2.0	
Lang-60		4.0	3.0	2.0	
Lang-61		2.0	2.0	1.0	
Lang-62		8.666666666666666	8.666666666666666	7.333333333333333	
Lang-63		24.727272727272727	21.727272727272727	17.363636363636363	
Lang-64		4.0	4.0	1.0	
Lang-65		2.0	2.0	2.0	
Math-1		12.0	133.0	22.5	
Math-2		24.0	29.0	9.0	
Math-3		13.0	15.0	9.0	
Math-4		57.0	41.5	63.5	
Math-5		1.0	6.0	7.0	
Math-6		1060.0588235294117	1054.8235294117646	1100.0588235294117	
Math-7		289.3333333333333	497.1666666666667	116.83333333333333	
Math-8		2.0	38.5	17.0	
Math-9		2.0	8.0	2.0	
Math-10		1.0	13.0	12.0	
Math-11		60.0	120.0	35.0	
Math-12		92.0	92.0	6.0	
Math-13		7.0	8.0	32.0	
Math-14		13.0	7.0	4.0	
Math-15		336.5	373.0	454.5	
Math-16		336.0	101.0	316.0	
Math-17		58.0	44.0	124.0	
Math-18		226.5	288.5	535.0	
Math-19		103.0	213.0	16.0	
Math-20		746.0	700.0	124.0	
Math-21		40.42857142857143	19.0	18.428571428571427	
Math-22		5.0	29.0	22.5	
Math-23		123.6	90.2	152.2	
Math-24		173.0	98.0	163.5	
Math-25		3.0	4.0	9.0	
Math-26		118.0	161.0	24.5	
Math-27		7.0	22.0	30.0	
Math-28		48.8	51.0	46.0	
Math-29		10.0	12.0	10.0	
Math-30		23.0	77.0	17.0	
Math-31		98.8	156.2	86.8	
Math-32		509.0	675.0	68.0	
Math-33		24.0	249.0	12.0	
Math-34		1.0	7.0	5.0	
Math-35		7.5	5.0	5.5	
Math-36		1.5	108.0	6.5	
Math-37		4.666666666666667	39.0	35.666666666666664	
Math-38		13.0	10.0	13.0	
Math-39		18.0	73.0	75.0	
Math-40		32.0	1.0	28.0	
Math-41		7.0	4.0	9.0	
Math-42		92.5	86.5	85.5	
Math-43		27.0	128.0	10.0	
Math-44		145.66666666666666	371.3333333333333	169.66666666666666	
Math-45		9.0	5.0	12.0	
Math-46		103.0	93.5	5.0	
Math-47		89.25	9.25	76.5	
Math-48		20.0	261.0	213.0	
Math-49		2.5	2.5	2.5	
Math-50		1.0	126.0	175.0	
Math-51		31.0	94.0	59.0	
Math-52		19.0	5.0	2.0	
Math-53		3.0	1.0	5.0	
Math-54		2.5	7.0	6.5	
Math-55		5.0	11.0	14.0	
Math-56		16.0	18.666666666666668	23.333333333333332	
Math-57		1.0	3.0	6.0	
Math-58		690.0	205.0	1123.0	
Math-59		479.0	313.0	3.0	
Math-60		24.0	112.5	28.0	
Math-61		114.0	154.0	1.0	
Math-62		136.0	46.0	14.0	
Math-63		12.0	1.0	4.0	
Math-64		193.71428571428572	223.35714285714286	153.07142857142858	
Math-65		106.33333333333333	124.0	99.66666666666667	
Math-66		463.0	239.16666666666666	453.0	
Math-67		19.0	304.0	116.0	
Math-68		156.57142857142858	204.0	163.57142857142858	
Math-69		68.0	173.0	75.0	
Math-70		1.0	5.0	11.0	
Math-71		16.5	135.5	42.0	
Math-72		12.0	30.0	22.0	
Math-73		53.0	41.0	55.0	
Math-74		670.6	800.0	737.4	
Math-75		1.0	13.0	2.0	
Math-76		46.0	171.88888888888889	89.77777777777777	
Math-77		1.0	5.0	1.0	
Math-78		31.5	66.0	103.5	
Math-79		8.5	12.5	6.5	
Math-80		76.0	240.0	7.0	
Math-81		107.0	78.0	71.33333333333333	
Math-82		14.0	36.0	64.0	
Math-83		84.0	29.333333333333332	88.0	
Math-84		46.0	64.5	29.5	
Math-85		23.0	20.0	1.0	
Math-86		56.5	41.5	44.5	
Math-87		111.0	91.5	103.5	
Math-88		57.285714285714285	15.571428571428571	31.571428571428573	
Math-89		1.0	3.0	5.0	
Math-90		11.0	2.0	16.0	
Math-91		1.0	3.0	2.0	
Math-92		11.0	10.0	8.0	
Math-93		3.5	10.0	12.0	
Math-94		11.0	12.0	1.0	
Math-95		4.0	26.5	10.0	
Math-96		3.0	3.0	2.0	
Math-97		11.0	27.0	12.0	
Math-98		6.0	5.5	7.0	
Math-99		12.0	12.0	7.0	
Math-100		30.5	46.0	13.5	
Math-101		10.0	10.0	17.0	
Math-102		3.0	32.5	4.0	
Math-103		35.0	47.0	45.0	
Math-104		63.0	52.0	46.0	
Math-105		9.0	11.0	1.0	
Math-106		5.0	45.0	4.5	
Math-1		18.5	14.0	13.0	
Math-2		15.0	15.0	18.0	
Math-3		2.0	2.0	2.0	
Math-4		49.0	50.5	51.5	
Math-5		2.0	2.0	2.0	
Math-6		1350.8235294117646	1324.1764705882354	1265.8823529411766	
Math-7		92.5	87.66666666666667	66.33333333333333	
Math-8		13.0	13.0	3.5	
Math-9		2.0	2.0	2.0	
Math-10		3.0	3.0	3.0	
Math-11		53.0	53.0	53.0	
Math-12		85.0	90.0	111.0	
Math-13		21.0	21.0	21.0	
Math-14		10.0	10.0	9.5	
Math-15		451.0	450.0	449.5	
Math-16		330.0	330.0	330.0	
Math-17		92.0	88.0	86.0	
Math-18		606.0	606.0	642.0	
Math-19		30.0	30.0	38.0	
Math-20		510.0	514.0	510.0	
Math-21		19.857142857142858	19.857142857142858	30.571428571428573	
Math-22		8.0	7.5	7.0	
Math-23		167.0	168.0	179.6	
Math-24		111.5	147.0	164.0	
Math-25		1.0	1.0	1.0	
Math-26		24.5	24.5	32.5	
Math-27		17.0	17.0	17.0	
Math-28		51.2	48.0	47.6	
Math-29		1.0	1.0	1.0	
Math-30		21.0	21.0	21.0	
Math-31		92.2	92.4	90.6	
Math-32		13.0	13.0	2.0	
Math-33		210.0	200.0	88.0	
Math-34		4.0	2.0	1.0	
Math-35		3.0	3.0	3.0	
Math-36		1.5	1.5	1.5	
Math-37		13.333333333333334	9.0	7.666666666666667	
Math-38		11.0	11.0	11.0	
Math-39		13.0	13.0	16.0	
Math-40		15.0	13.0	10.0	
Math-41		3.0	3.0	3.0	
Math-42		47.0	42.0	33.5	
Math-43		70.0	65.0	57.0	
Math-44		162.66666666666666	155.33333333333334	127.66666666666667	
Math-45		2.0	2.0	2.0	
Math-46		153.5	121.5	82.5	
Math-47		89.5	93.25	98.75	
Math-48		303.0	303.0	303.0	
Math-49		3.5	3.5	2.0	
Math-50		114.0	78.0	1.0	
Math-51		147.0	118.0	25.0	
Math-52		11.0	11.0	11.0	
Math-53		2.0	2.0	2.0	
Math-54		7.5	7.5	5.5	
Math-55		2.0	2.0	1.0	
Math-56		13.333333333333334	13.333333333333334	13.0	
Math-57		12.0	12.0	12.0	
Math-58		1087.0	1088.0	1088.0	
Math-59		564.0	564.0	564.0	
Math-60		34.5	34.5	36.5	
Math-61		272.0	272.0	8.0	
Math-62		137.0	137.0	137.0	
Math-63		1.0	1.0	1.0	
Math-64		202.0	202.21428571428572	194.35714285714286	
Math-65		88.0	88.66666666666667	71.33333333333333	
Math-66		94.2	222.4	504.0	
Math-67		9.0	9.0	9.0	
Math-68		176.42857142857142	181.57142857142858	188.71428571428572	
Math-69		40.0	38.0	31.0	
Math-70		1.0	1.0	1.0	
Math-71		36.5	37.0	37.5	
Math-72		16.0	16.0	16.0	
Math-73		12.0	14.0	23.0	
Math-74		699.6	699.8	702.4	
Math-75		1.0	1.0	1.0	
Math-76		72.11111111111111	72.44444444444444	47.333333333333336	
Math-77		8.0	2.0	1.0	
Math-78		50.0	48.0	53.0	
Math-79		1.5	1.5	1.5	
Math-80		43.0	38.0	14.0	
Math-81		69.66666666666667	70.33333333333333	71.33333333333333	
Math-82		33.0	33.0	34.0	
Math-83		34.333333333333336	42.333333333333336	54.0	
Math-84		54.0	60.5	67.0	
Math-85		36.0	36.0	35.0	
Math-86		44.5	56.5	60.5	
Math-87		85.75	86.0	114.0	
Math-88		31.142857142857142	31.142857142857142	13.142857142857142	
Math-89		2.0	2.0	1.0	
Math-90		4.0	4.0	4.0	
Math-91		1.0	1.0	1.0	
Math-92		3.5	3.5	3.0	
Math-93		2.0	2.0	2.0	
Math-94		2.0	2.0	2.0	
Math-95		14.0	13.5	10.0	
Math-96		4.0	4.0	4.0	
Math-97		5.333333333333333	5.666666666666667	6.666666666666667	
Math-98		6.5	6.5	6.5	
Math-99		2.0	2.0	2.0	
Math-100		39.0	22.5	11.0	
Math-101		4.0	5.0	6.0	
Math-102		2.5	2.5	2.0	
Math-103		33.0	30.0	21.0	
Math-104		23.0	23.0	43.0	
Math-105		1.0	1.0	1.0	
Math-106		32.5	29.5	10.5	
Chart-1		32.0	91.0	47.0	
Chart-2		34.75	37.0	19.25	
Chart-3		5.0	10.0	5.0	
Chart-5		5.5	2.5	6.0	
Chart-6		31.0	2.0	46.0	
Chart-7		16.0	16.0	9.0	
Chart-8		3.0	8.0	16.0	
Chart-9		12.0	14.0	7.0	
Chart-10		1.0	3.0	1.0	
Chart-11		9.0	9.0	15.0	
Chart-12		102.0	72.0	103.0	
Chart-13		31.0	117.0	6.0	
Chart-14		7.5	20.0	11.25	
Chart-15		20.5	39.0	58.5	
Chart-16		3.5	12.0	6.5	
Chart-17		1.0	9.0	11.0	
Chart-18		8.0	7.0	14.75	
Chart-19		30.5	142.0	29.0	
Chart-20		3.0	13.0	7.0	
Chart-21		25.0	34.0	33.75	
Chart-22		23.4	69.0	13.6	
Chart-23		17.0	6.0	1.0	
Chart-24		5.0	4.0	5.0	
Chart-25		1302.0	1027.888888888889	1183.4444444444443	
Chart-1		28.0	28.0	38.0	
Chart-2		14.0	15.666666666666666	22.0	
Chart-3		3.0	3.0	3.0	
Chart-5		2.0	2.0	3.5	
Chart-6		36.0	37.0	37.0	
Chart-7		22.0	22.0	25.0	
Chart-8		1.0	1.0	1.0	
Chart-9		11.0	10.0	8.0	
Chart-10		3.0	3.0	3.0	
Chart-11		1.0	1.0	1.0	
Chart-12		111.0	113.0	113.0	
Chart-13		34.0	34.0	23.0	
Chart-14		6.5	6.0	4.0	
Chart-15		4.5	4.5	7.5	
Chart-16		7.5	7.5	5.0	
Chart-17		2.0	2.0	2.0	
Chart-18		11.0	11.0	10.25	
Chart-19		20.5	19.5	25.0	
Chart-20		1.0	1.0	1.0	
Chart-21		23.5	22.0	20.5	
Chart-22		13.2	14.4	20.2	
Chart-23		19.0	20.0	20.0	
Chart-24		3.0	3.0	3.0	
Chart-25		2737.4444444444443	2737.4444444444443	1623.3333333333333	
Mockito-1		1.0	161.0	54.0	
Mockito-2		48.0	65.0	38.0	
Mockito-3		11.0	111.0	43.5	
Mockito-4		3.0	33.0	51.0	
Mockito-5		4.0	1.0	5.0	
Mockito-6		5.714285714285714	70.71428571428571	53.57142857142857	
Mockito-7		449.0	447.0	440.0	
Mockito-8		18.0	27.0	13.0	
Mockito-9		54.0	22.0	115.0	
Mockito-10		8.5	35.5	19.0	
Mockito-11		4.0	28.0	1.0	
Mockito-12		11.0	56.0	155.0	
Mockito-13		54.5	92.5	17.0	
Mockito-14		142.4	140.4	188.2	
Mockito-15		223.5	221.5	186.0	
Mockito-16		66.33333333333333	87.66666666666667	80.66666666666667	
Mockito-17		18.75	12.0	7.0	
Mockito-18		12.0	34.0	7.0	
Mockito-20		326.0	236.0	122.0	
Mockito-21		4.6	47.8	3.6	
Mockito-22		27.0	15.0	30.0	
Mockito-23		20.8	84.6	107.0	
Mockito-24		21.0	25.0	88.0	
Mockito-25		22.5	46.0	24.5	
Mockito-26		165.0	75.0	121.0	
Mockito-27		1.0	152.0	90.0	
Mockito-28		282.0	29.0	147.0	
Mockito-29		251.0	320.0	21.0	
Mockito-30		46.0	20.5	2.5	
Mockito-31		56.0	36.0	40.5	
Mockito-32		156.5	136.0	112.0	
Mockito-33		232.0	79.0	199.0	
Mockito-34		25.0	55.0	54.0	
Mockito-35		50.0	76.0	12.0	
Mockito-36		96.5	30.5	14.5	
Mockito-37		27.0	99.0	21.0	
Mockito-38		138.0	169.0	30.0	
Mockito-1		16.0	13.0	2.0	
Mockito-2		44.0	45.0	47.0	
Mockito-3		44.0	31.5	20.5	
Mockito-4		9.0	7.0	2.0	
Mockito-5		6.0	6.0	6.0	
Mockito-6		53.142857142857146	19.857142857142858	4.285714285714286	
Mockito-7		163.0	228.0	386.0	
Mockito-8		5.0	5.0	9.0	
Mockito-9		99.0	99.0	101.0	
Mockito-10		6.25	4.5	5.0	
Mockito-11		4.0	4.0	13.0	
Mockito-12		1.0	1.0	36.0	
Mockito-13		82.0	84.5	83.5	
Mockito-14		137.8	135.6	133.4	
Mockito-15		111.5	112.5	118.5	
Mockito-16		77.33333333333333	77.0	73.0	
Mockito-17		11.0	11.0	11.0	
Mockito-18		4.0	4.0	4.0	
Mockito-20		327.0	328.0	329.0	
Mockito-21		3.2	3.2	3.2	
Mockito-22		5.0	5.0	5.0	
Mockito-23		17.0	16.0	7.8	
Mockito-24		50.0	56.0	66.0	
Mockito-25		3.0	3.0	14.5	
Mockito-26		81.0	81.0	81.0	
Mockito-27		1.0	1.0	7.0	
Mockito-28		286.0	289.0	293.0	
Mockito-29		13.0	13.0	19.0	
Mockito-30		55.5	47.0	39.5	
Mockito-31		54.0	54.0	54.0	
Mockito-32		137.5	139.0	143.0	
Mockito-33		170.0	171.0	173.0	
Mockito-34		64.0	64.0	65.0	
Mockito-35		75.0	74.0	78.0	
Mockito-36		81.0	76.0	67.5	
Mockito-37		41.0	43.0	40.0	
Mockito-38		28.0	18.0	6.0	
Time-1		21.5	126.25	18.25	
Time-2		32.333333333333336	239.66666666666666	43.0	
Time-3		6.8	509.5	10.6	
Time-4		14.0	590.0	29.0	
Time-5		152.0	198.0	157.0	
Time-6		126.0	68.5	69.5	
Time-7		32.5	286.5	130.5	
Time-8		2.0	52.0	13.0	
Time-9		1.0	59.0	13.0	
Time-10		112.0	386.0	202.0	
Time-11		305.3333333333333	48.0	261.0	
Time-12		18.0	202.66666666666666	16.666666666666668	
Time-13		374.0	233.0	53.0	
Time-14		25.0	181.0	83.0	
Time-15		4.0	5.0	15.0	
Time-16		8.0	343.0	18.0	
Time-17		2.0	130.33333333333334	7.333333333333333	
Time-18		1.0	23.0	1.0	
Time-19		218.0	192.0	204.0	
Time-20		143.0	90.0	63.0	
Time-21		14.0	178.75	9.25	
Time-22		25.0	184.0	73.0	
Time-23		7.75	38.75	5.25	
Time-24		514.0	322.0	489.0	
Time-25		3.0	310.0	213.0	
Time-26		46.0	78.0	342.0	
Time-27		186.0	224.5	294.0	
Time-1		7.75	7.25	4.25	
Time-2		18.666666666666668	16.0	11.0	
Time-3		9.2	5.7	5.5	
Time-4		12.0	13.0	14.0	
Time-5		8.0	6.0	62.0	
Time-6		58.5	55.5	48.0	
Time-7		38.0	29.5	6.5	
Time-8		1.0	1.0	2.0	
Time-9		2.0	2.0	3.0	
Time-10		17.0	19.0	107.0	
Time-11		286.0	289.0	366.6666666666667	
Time-12		20.333333333333332	19.0	9.666666666666666	
Time-13		97.0	97.0	89.0	
Time-14		10.0	6.0	12.0	
Time-15		2.0	2.0	2.0	
Time-16		5.0	5.0	2.0	
Time-17		2.6666666666666665	2.6666666666666665	2.0	
Time-18		1.0	1.0	1.0	
Time-19		132.0	131.0	130.0	
Time-20		118.0	116.0	114.0	
Time-21		12.0	12.0	11.5	
Time-22		38.0	37.0	34.0	
Time-23		6.5	6.5	6.5	
Time-24		479.0	478.0	476.0	
Time-25		1.0	1.0	3.0	
Time-26		221.0	253.0	266.0	
Time-27		155.0	151.0	147.0	
Lang-1		1.0	2.0	14.0	
Lang-2		8.0	16.0	7.0	
Lang-3		4.0	6.0	6.0	
Lang-4		10.5	11.25	8.0	
Lang-5		2.0	7.5	9.0	
Lang-6		3.0	5.0	10.0	
Lang-7		20.25	18.25	14.5	
Lang-8		34.0	75.0	5.0	
Lang-9		30.0	18.0	29.0	
Lang-10		54.0	42.5	43.5	
Lang-11		9.0	3.0	6.0	
Lang-12		7.666666666666667	5.0	5.0	
Lang-13		6.0	14.0	3.0	
Lang-14		14.0	8.0	3.0	
Lang-15		145.0	72.5	132.0	
Lang-16		2.0	8.0	2.0	
Lang-17		25.666666666666668	13.333333333333334	20.0	
Lang-18		90.33333333333333	56.0	62.666666666666664	
Lang-19		2.0	6.333333333333333	5.0	
Lang-20		2.0	4.0	4.0	
Lang-21		1.0	8.0	1.0	
Lang-22		7.0	3.0	3.0	
Lang-23		29.5	45.0	26.0	
Lang-24		10.0	8.0	6.0	
Lang-25		12.0	12.0	12.5	
Lang-26		8.0	3.0	1.0	
Lang-27		2.0	18.0	13.0	
Lang-28		1.5	6.0	3.0	
Lang-29		14.0	7.0	9.0	
Lang-30		5.0	4.5	14.0	
Lang-31		5.0	11.333333333333334	6.666666666666667	
Lang-32		10.333333333333334	10.0	7.0	
Lang-33		8.0	6.0	4.0	
Lang-34		86.0	64.5	126.0	
Lang-35		2.0	3.0	10.0	
Lang-36		13.5	15.0	19.5	
Lang-37		9.0	8.0	12.0	
Lang-38		1.0	24.0	3.0	
Lang-39		4.0	11.0	9.0	
Lang-40		11.0	7.0	10.0	
Lang-41		3.0	16.0	9.0	
Lang-42		17.0	15.0	12.0	
Lang-43		4.0	1.0	12.0	
Lang-44		8.0	11.0	4.0	
Lang-45		15.0	1.0	13.0	
Lang-46		8.6	9.8	6.4	
Lang-47		14.0	9.0	13.0	
Lang-48		9.5	3.5	7.5	
Lang-49		2.0	6.0	14.0	
Lang-50		3.6666666666666665	13.666666666666666	7.666666666666667	
Lang-51		13.0	6.0	11.0	
Lang-52		6.0	14.0	5.0	
Lang-53		11.0	8.0	2.0	
Lang-54		2.0	4.0	2.0	
Lang-55		7.0	8.0	4.0	
Lang-56		8.0	8.0	10.5	
Lang-57		3.0	14.0	15.0	
Lang-58		6.0	6.0	16.0	
Lang-59		2.0	5.0	6.0	
Lang-60		1.0	7.0	1.0	
Lang-61		16.0	3.0	13.0	
Lang-62		2.0	9.0	3.5	
Lang-63		13.444444444444445	22.555555555555557	17.22222222222222	
Lang-64		2.0	7.0	16.0	
Lang-65		10.666666666666666	7.666666666666667	5.333333333333333	
Lang-1		3.0	3.0	2.0	
Lang-2		6.0	6.0	6.0	
Lang-3		2.0	2.0	2.0	
Lang-4		4.333333333333333	4.333333333333333	5.333333333333333	
Lang-5		1.5	1.5	1.5	
Lang-6		4.0	4.0	4.0	
Lang-7		17.75	17.75	18.5	
Lang-8		3.0	3.0	9.0	
Lang-9		12.0	12.0	21.0	
Lang-10		22.5	25.0	54.5	
Lang-11		1.0	1.0	1.0	
Lang-12		2.0	2.0	2.0	
Lang-13		2.0	2.0	2.0	
Lang-14		1.0	1.0	1.0	
Lang-15		148.5	165.5	132.5	
Lang-16		1.0	1.0	1.0	
Lang-17		13.666666666666666	14.0	15.333333333333334	
Lang-18		106.66666666666667	106.66666666666667	107.0	
Lang-19		2.3333333333333335	2.3333333333333335	2.3333333333333335	
Lang-20		1.0	1.0	1.0	
Lang-21		1.0	1.0	2.0	
Lang-22		5.0	6.0	8.0	
Lang-23		32.5	32.5	32.5	
Lang-24		7.0	7.0	12.0	
Lang-25		4.0	4.0	4.0	
Lang-26		11.0	11.0	11.0	
Lang-27		7.0	7.0	5.0	
Lang-28		2.5	2.5	2.5	
Lang-29		1.0	1.0	1.0	
Lang-30		1.5	1.5	1.5	
Lang-31		3.0	3.0	3.0	
Lang-32		5.0	5.0	6.0	
Lang-33		4.0	4.0	4.0	
Lang-34		36.0	71.5	91.0	
Lang-35		1.0	1.0	1.0	
Lang-36		17.5	17.5	12.5	
Lang-37		1.0	1.0	1.0	
Lang-38		4.0	4.0	3.0	
Lang-39		7.0	7.0	7.0	
Lang-40		3.0	3.0	1.0	
Lang-41		4.0	4.0	4.0	
Lang-42		11.0	11.0	11.0	
Lang-43		2.0	2.0	2.0	
Lang-44		4.0	4.0	4.0	
Lang-45		3.0	3.0	4.0	
Lang-46		1.5	1.5	1.5	
Lang-47		4.0	4.0	4.0	
Lang-48		1.0	1.0	1.0	
Lang-49		3.0	3.0	3.0	
Lang-50		15.0	13.0	3.0	
Lang-51		3.0	3.0	4.0	
Lang-52		1.0	1.0	5.0	
Lang-53		1.0	1.0	1.0	
Lang-54		1.0	1.0	1.0	
Lang-55		4.0	4.0	4.0	
Lang-56		5.0	5.0	5.0	
Lang-57		4.0	4.0	4.0	
Lang-58		3.0	3.0	3.0	
Lang-59		2.0	2.0	2.0	
Lang-60		3.0	1.0	1.0	
Lang-61		4.0	4.0	4.0	
Lang-62		3.0	3.0	2.5	
Lang-63		9.875	8.625	11.875	
Lang-64		2.0	2.0	1.0	
Lang-65		2.0	2.0	2.0	
Chart-1		9.0	28.0	31.0	
Chart-2		19.0	28.5	17.0	
Chart-3		1.0	15.0	3.0	
Chart-5		4.0	2.0	3.0	
Chart-6		27.0	14.0	24.0	
Chart-7		15.0	15.0	11.0	
Chart-8		8.0	5.0	4.0	
Chart-9		1.0	4.0	2.0	
Chart-10		1.0	38.0	16.0	
Chart-11		8.0	12.0	14.0	
Chart-12		2.0	63.0	43.0	
Chart-13		2.0	55.0	9.0	
Chart-14		2.3333333333333335	12.333333333333334	8.0	
Chart-15		6.0	77.0	8.0	
Chart-16		5.0	12.0	3.0	
Chart-17		3.0	5.0	12.0	
Chart-18		7.25	11.25	5.5	
Chart-19		37.5	113.5	22.5	
Chart-20		2.0	4.0	1.0	
Chart-21		12.25	14.5	9.5	
Chart-22		18.0	29.0	15.0	
Chart-23		2.0	3.0	1.0	
Chart-24		3.0	7.0	2.0	
Chart-25		1008.75	1316.75	1292.25	
Chart-1		27.0	27.0	28.0	
Chart-2		16.0	16.0	15.5	
Chart-3		1.0	1.0	1.0	
Chart-5		3.0	3.0	3.0	
Chart-6		16.0	16.0	17.0	
Chart-7		10.0	11.0	14.0	
Chart-8		1.0	1.0	1.0	
Chart-9		2.0	2.0	2.0	
Chart-10		3.0	3.0	3.0	
Chart-11		2.0	2.0	2.0	
Chart-12		68.0	68.0	68.0	
Chart-13		1.0	1.0	6.0	
Chart-14		2.3333333333333335	2.3333333333333335	2.3333333333333335	
Chart-15		47.0	49.0	56.0	
Chart-16		7.5	7.5	5.5	
Chart-17		7.0	7.0	6.0	
Chart-18		5.75	6.25	6.5	
Chart-19		16.5	16.5	20.5	
Chart-20		1.0	1.0	1.0	
Chart-21		4.0	4.0	8.0	
Chart-22		12.4	10.4	10.6	
Chart-23		2.0	2.0	3.0	
Chart-24		1.0	1.0	3.0	
Chart-25		1574.75	1574.75	1184.25	
Lang-1		20.333333333333332	19.0	11.666666666666666	
Lang-1		15.0	6.0	16.0	
Lang-2		13.0	6.0	14.0	
Lang-1		2.0	5.0	3.0	
Lang-2		13.0	13.0	9.0	
Lang-3		2.0	4.0	6.0	
Lang-4		7.25	11.75	7.0	
Lang-5		6.5	3.5	8.5	
Lang-6		7.0	4.0	4.0	
Lang-7		31.333333333333332	25.666666666666668	16.0	
Lang-8		26.0	59.0	50.0	
Lang-1		5.0	3.0	1.0	
Lang-2		9.0	11.0	3.0	
Lang-3		1.0	8.0	1.0	
Lang-4		7.25	10.0	8.75	
Lang-5		7.5	3.0	6.5	
Lang-6		2.0	5.0	2.0	
Lang-7		18.0	12.0	18.0	
Lang-8		86.0	44.0	120.0	
Lang-9		44.0	31.0	7.0	
Lang-10		63.5	50.5	32.5	
Lang-11		3.0	6.0	2.0	
Lang-12		8.666666666666666	12.333333333333334	10.333333333333334	
Lang-13		16.0	5.0	15.0	
Lang-2		11.0	12.0	9.0	
Lang-2		11.0	12.0	9.0	
Lang-2		11.0	12.0	9.0	
Lang-1		1.0	1.0	1.0	
Lang-2		2.0	2.0	3.0	
Lang-3		1.0	1.0	1.0	
Lang-4		1.5	1.5	1.5	
Lang-5		1.0	1.0	1.0	
Lang-6		1.0	1.0	4.0	
Lang-7		3.5	3.5	1.5	
Lang-8		17.0	17.0	15.0	
Lang-9		16.0	16.0	18.0	
Lang-10		14.0	21.5	36.0	
Lang-11		1.0	1.0	2.0	
Lang-12		4.0	4.0	4.0	
Lang-13		2.0	3.0	4.0	
Lang-14		3.0	3.0	3.0	
Lang-15		81.0	88.33333333333333	58.666666666666664	
Lang-16		1.0	1.0	1.0	
Lang-17		6.0	6.0	9.0	
Lang-18		86.0	82.5	80.0	
Lang-19		3.0	3.0	3.0	
Lang-1		1.0	1.0	1.0	
Lang-2		8.0	8.0	7.0	
Lang-2		10.0	11.0	11.0	
Lang-2		1.0	1.0	2.0	
Lang-3		4.0	4.0	4.0	
Lang-1		12.0	1.0	16.0	
Lang-2		12.0	14.0	1.0	
Lang-3		1.0	3.0	10.0	
Lang-4		9.0	7.0	10.0	
Lang-5		2.5	4.5	7.0	
Lang-6		5.0	4.0	1.0	
Lang-7		11.0	5.5	7.0	
Lang-8		32.0	28.0	22.0	
Lang-9		24.0	15.0	16.0	
Lang-10		25.5	32.5	33.5	
Lang-11		1.0	6.0	2.0	
Lang-12		9.0	12.666666666666666	5.0	
Lang-13		6.0	6.0	2.0	
Lang-14		15.0	3.0	1.0	
Lang-15		64.66666666666667	78.66666666666667	18.333333333333332	
Lang-16		2.0	4.0	1.0	
Lang-17		15.5	5.5	10.0	
Lang-18		89.0	91.5	79.5	
Lang-19		3.0	2.0	5.0	
Lang-20		12.0	1.0	13.0	
Lang-1		8.0	4.0	14.0	
Lang-2		6.0	6.0	12.0	
Lang-1		8.0	4.0	14.0	
Lang-1		8.0	4.0	14.0	
Lang-1		8.0	4.0	14.0	
Lang-1		8.0	4.0	14.0	
Lang-1		8.0	4.0	14.0	
Lang-1		8.0	4.0	14.0	
Lang-1		8.0	4.0	14.0	
Lang-1		11.0	1.0	16.0	
Lang-1		10.0	10.0	10.0	7.0	3.0	16.0	
Lang-1		6.0	7.0	7.0	15.0	5.0	12.0	
Lang-1		7.0	7.0	2.0	1.0	8.0	2.0	
Lang-2		4.0	4.0	6.0	7.0	7.0	8.0	
Lang-3		4.0	4.0	4.0	4.0	5.0	9.0	
