Chart-1		35.0	35.0	35.0	16.0	3364.0	206.0	
Chart-2		225.1	217.5	217.5	467.9	578.7	336.9	
Chart-3		4.0	4.0	4.0	13.0	477.0	7.0	
Chart-5		66.0	63.0	63.0	96.66666666666667	182.33333333333334	102.33333333333333	
Chart-6		52.0	98.0	98.0	23.0	367.0	94.0	
Chart-7		67.5	67.5	67.5	243.5	236.5	164.0	
Chart-8		83.0	63.0	63.0	168.0	168.0	168.0	
Chart-9		14.0	14.0	14.0	11.0	604.0	30.0	
Chart-11		71.0	54.0	54.0	160.0	160.0	160.0	
Chart-12		8.0	8.0	8.0	59.0	137.0	805.0	
Chart-13		46.0	46.0	46.0	277.0	142.0	351.0	
Chart-14		489.0	480.25	16.0	31.25	2714.75	888.5	
Chart-15		3582.3333333333335	3103.3333333333335	3103.3333333333335	3426.6666666666665	5421.0	4125.0	
Chart-16		7.333333333333333	6.666666666666667	3.6666666666666665	13.0	100.0	10.333333333333334	
Chart-17		2.0	2.0	2.0	2.0	373.0	11.0	
Chart-18		23.857142857142858	20.428571428571427	11.285714285714286	42.0	143.71428571428572	50.42857142857143	
Chart-19		3.5	3.5	1.5	12.0	782.5	431.0	
Chart-20		72.0	72.0	72.0	367.0	367.0	367.0	
Chart-21		39.75	39.75	39.75	127.25	231.5	189.5	
Chart-22		72.8	67.6	37.0	53.6	101.8	117.6	
Chart-23		4176.0	2582.0	2582.0	2870.0	2848.0	1943.0	
Chart-24		3.0	3.0	3.0	1.0	11.0	1.0	
Chart-25		3124.6	3124.6	1613.6	2904.9	1957.3	2396.4	
Lang-1		4.0	4.0	4.0	5.0	667.3333333333334	31.0	
Lang-2		29.0	29.0	29.0	76.0	76.0	76.0	
Lang-3		110.5	110.5	110.5	836.5	665.0	243.5	
Lang-4		42.75	41.25	41.25	42.5	48.25	42.5	
Lang-5		21.0	21.0	21.0	12.5	24.5	23.5	
Lang-6		95.0	95.0	95.0	86.0	804.0	1144.0	
Lang-7		431.6	266.4	266.4	348.2	1023.4	309.8	
Lang-8		34.0	34.0	34.0	42.0	444.0	77.0	
Lang-9		55.0	63.0	63.0	151.0	214.0	166.0	
Lang-10		70.66666666666667	71.66666666666667	75.16666666666667	305.5	134.33333333333334	163.0	
Lang-11		1.0	1.0	1.0	3.0	6.0	8.0	
Lang-12		15.5	16.0	17.0	17.5	21.5	19.5	
Lang-13		64.0	64.0	64.0	28.0	17.0	6.0	
Lang-14		147.0	147.0	147.0	1062.0	1062.0	1062.0	
Lang-15		312.75	357.5	364.0	1117.25	704.0	1081.25	
Lang-16		27.0	27.0	27.0	265.0	545.0	53.0	
Lang-17		697.5714285714286	339.2857142857143	339.2857142857143	766.5714285714286	828.5714285714286	925.2857142857143	
Lang-18		104.0	104.0	104.0	228.0	193.75	224.75	
Lang-19		22.5	22.0	22.0	13.0	30.0	22.0	
Lang-20		15.0	15.0	15.0	19.5	546.0	16.0	
Lang-21		35.0	35.0	35.0	250.0	250.0	250.0	
Lang-22		25.0	30.0	30.0	13.0	124.0	28.0	
Lang-23		107.66666666666667	92.0	92.0	236.33333333333334	237.66666666666666	284.3333333333333	
Lang-24		61.0	61.0	61.0	58.0	880.0	535.0	
Lang-25		12.5	12.5	12.5	16.0	16.0	15.0	
Lang-26		7.0	7.0	7.0	28.0	175.0	10.0	
Lang-27		103.0	103.0	103.0	262.5	985.0	245.5	
Lang-28		2.5	2.5	2.5	7.0	38.5	3.0	
Lang-29		1.0	1.0	1.0	1.0	641.0	5.0	
Lang-30		97.88235294117646	97.88235294117646	96.05882352941177	113.29411764705883	440.8235294117647	139.47058823529412	
Lang-31		71.33333333333333	71.33333333333333	71.33333333333333	572.6666666666666	776.6666666666666	577.0	
Lang-32		23.5	23.5	23.5	299.25	458.5	244.0	
Lang-33		5.0	5.0	5.0	5.0	539.0	16.0	
Lang-34		53.0	53.0	97.0	38.0	210.5	281.5	
Lang-35		444.0	444.0	444.0	452.0	768.5	457.5	
Lang-36		104.33333333333333	104.33333333333333	97.66666666666667	343.6666666666667	406.0	360.6666666666667	
Lang-37		6.5	6.5	6.5	2.0	585.5	10.5	
Lang-38		3.0	3.0	3.0	4.0	325.0	7.0	
Lang-39		27.0	27.0	27.0	56.0	241.0	108.0	
Lang-40		102.0	102.0	102.0	860.0	860.0	860.0	
Lang-41		28.6	28.6	28.6	65.4	86.4	78.0	
Lang-42		15.0	15.0	15.0	12.5	214.5	93.5	
Lang-43		6.0	6.0	6.0	3.0	101.0	19.0	
Lang-44		20.0	20.0	20.0	142.0	142.0	142.0	
Lang-45		8.0	8.0	8.0	14.0	536.0	37.0	
Lang-46		23.666666666666668	22.0	22.0	56.333333333333336	110.88888888888889	51.22222222222222	
Lang-47		6.0	6.0	6.0	5.5	540.5	19.5	
Lang-48		40.0	40.0	40.0	112.33333333333333	104.66666666666667	89.0	
Lang-49		1.0	1.0	1.0	3.0	175.0	14.0	
Lang-50		65.5	53.9	45.5	61.5	179.6	127.0	
Lang-51		118.0	118.0	118.0	137.0	137.0	137.0	
Lang-52		62.0	52.5	52.5	89.0	76.0	74.0	
Lang-53		125.0	125.0	125.0	137.5	94.0	110.25	
Lang-54		4.0	4.0	4.0	2.0	53.0	5.0	
Lang-55		16.0	16.0	16.0	30.5	37.0	28.5	
Lang-56		366.5	378.0	378.0	146.0	260.5	125.5	
Lang-57		163.0	44.0	44.0	172.0	172.0	172.0	
Lang-58		20.5	20.5	20.5	30.0	593.5	21.0	
Lang-59		6.0	6.0	6.0	2.0	192.0	9.0	
Lang-60		296.5	296.5	296.5	334.0	322.5	317.5	
Lang-61		8.0	20.0	20.0	14.0	198.0	13.0	
Lang-62		164.0	164.0	164.0	137.25	136.5	137.25	
Lang-63		35.73684210526316	35.73684210526316	35.73684210526316	96.63157894736842	432.7368421052632	195.73684210526315	
Lang-64		1187.5	467.5	467.5	877.5	980.5	997.5	
Lang-65		62.75	62.75	62.75	58.25	86.25	11.75	
Math-1		15.5	12.5	10.5	22.5	572.5	241.0	
Math-2		38.0	38.0	38.0	57.0	1438.0	514.0	
Math-3		3.0	3.0	3.0	114.0	230.0	17.0	
Math-4		15.5	13.5	13.5	22.0	1700.5	569.0	
Math-5		1.0	1.0	1.0	2.0	111.0	12.0	
Math-6		1955.4117647058824	1941.1176470588234	1853.764705882353	3835.4117647058824	4772.588235294118	3728.0	
Math-7		1385.3333333333333	1092.5555555555557	1092.5555555555557	1042.0	1418.111111111111	985.4444444444445	
Math-8		3.5	3.5	3.5	3.0	511.5	5.5	
Math-9		1.0	1.0	1.0	2.0	815.0	1.0	
Math-10		17.0	17.0	17.0	3.0	89.0	753.0	
Math-11		31.0	31.0	31.0	158.0	1022.0	53.0	
Math-12		415.0	415.0	415.0	1713.0	1713.0	1713.0	
Math-13		3235.5	1875.5	1875.5	2680.5	3876.0	2977.0	
Math-14		1810.0	1443.3333333333333	1443.3333333333333	3689.6666666666665	3697.5	3464.8333333333335	
Math-15		940.5	940.5	940.5	2168.5	2168.5	2168.5	
Math-16		1009.0	955.7777777777778	955.7777777777778	1218.888888888889	1047.2222222222222	1449.5555555555557	
Math-17		81.0	81.0	81.0	5.0	578.0	120.0	
Math-18		628.5	628.5	628.5	2886.5	3428.0	1459.5	
Math-19		416.0	394.5	394.5	969.0	850.5	904.5	
Math-20		417.0	417.0	417.0	2474.0	2710.0	3462.0	
Math-21		54.36363636363637	54.36363636363637	59.36363636363637	299.3636363636364	651.2727272727273	430.45454545454544	
Math-22		1.5	1.5	1.5	3.5	1376.5	41.5	
Math-23		544.0	332.5	332.5	1149.6666666666667	974.8333333333334	1175.3333333333333	
Math-24		222.5	220.5	220.5	1245.5	99.5	1383.5	
Math-25		97.0	97.0	97.0	380.0	128.0	380.0	
Math-26		39.0	39.0	39.0	43.0	1010.0	407.0	
Math-27		1.0	1.0	1.0	2.0	1050.0	2.0	
Math-28		51.2	51.2	51.2	482.6	3008.0	65.4	
Math-29		129.6	129.6	16.8	73.6	1597.6	262.6	
Math-30		26.0	26.0	26.0	13.0	468.0	983.0	
Math-31		628.8620689655172	499.62068965517244	499.62068965517244	1028.103448275862	1174.8620689655172	926.1379310344828	
Math-32		2.0	2.0	2.0	10.0	2330.0	81.0	
Math-33		21.0	21.0	21.0	1405.0	1016.0	145.0	
Math-34		3.0	3.0	3.0	3.0	81.0	8.0	
Math-35		10.0	10.0	10.0	32.0	123.5	114.0	
Math-36		489.5	489.5	489.5	543.5	543.5	543.5	
Math-37		531.6	428.8	247.8	38.2	1131.0	404.2	
Math-38		253.5	236.75	236.75	912.5	2485.5	993.25	
Math-39		117.0	117.0	117.0	413.0	1646.0	1287.0	
Math-40		962.5	582.0	582.0	1013.5	1701.5	1078.0	
Math-41		34.0	34.0	34.0	20.0	741.0	25.0	
Math-42		64.5	64.5	64.5	44.5	2525.5	231.0	
Math-43		45.0	45.0	86.0	789.0	1192.3333333333333	346.0	
Math-44		503.6666666666667	497.3333333333333	497.3333333333333	1071.0	1874.0	940.3333333333334	
Math-45		2.0	2.0	2.0	5.0	1061.0	1.0	
Math-46		188.0	188.0	188.0	935.5	1657.0	623.5	
Math-47		1044.2	710.8	711.2	1279.4	1525.8	1216.6	
Math-48		354.0	354.0	354.0	62.0	1023.0	282.0	
Math-49		2018.75	2072.0	2072.0	604.25	1708.75	944.5	
Math-50		2.3333333333333335	2.3333333333333335	2.3333333333333335	2.3333333333333335	1194.6666666666667	229.33333333333334	
Math-51		225.5	225.5	225.5	767.5	1235.0	1712.0	
Math-52		1756.3333333333333	1027.6666666666667	1027.6666666666667	1304.0	1232.3333333333333	1330.6666666666667	
Math-53		2.0	2.0	2.0	1.0	276.0	2.0	
Math-54		977.5	939.0	939.0	1170.0	1773.0	1220.0	
Math-55		987.5	672.0	672.0	237.0	1336.5	186.5	
Math-56		466.5	228.5	228.5	1008.3333333333334	1553.5	1009.1666666666666	
Math-57		2534.0	969.0	969.0	2565.0	2565.0	2565.0	
Math-58		501.0	501.0	501.0	320.0	977.0	1910.0	
Math-59		2.0	2.0	2.0	1.0	1209.0	670.0	
Math-60		213.5	767.75	767.75	586.375	330.875	662.625	
Math-61		1040.0	568.0	568.0	1134.0	1416.5	1143.5	
Math-62		192.75	192.75	192.75	604.0	917.5	522.75	
Math-63		1.0	1.0	1.0	1.0	76.0	12.0	
Math-64		248.35714285714286	243.42857142857142	243.42857142857142	300.0	297.0	269.5	
Math-65		134.83333333333334	134.83333333333334	134.83333333333334	1302.6666666666667	1570.6666666666667	1234.8333333333333	
Math-66		215.47058823529412	232.88235294117646	540.0588235294117	1061.8235294117646	549.6470588235294	996.5294117647059	
Math-67		281.0	210.0	210.0	355.0	509.0	421.5	
Math-68		313.85714285714283	306.42857142857144	306.42857142857144	355.57142857142856	291.0	355.42857142857144	
Math-69		12.0	12.0	12.0	20.0	1352.0	1864.0	
Math-70		1.0	1.0	1.0	2.0	23.0	2.0	
Math-71		1.5	1.5	1.5	9.0	67.5	58.5	
Math-72		85.5	73.5	73.5	109.0	167.0	125.0	
Math-73		2.0	2.0	2.0	20.0	168.0	7.0	
Math-74		1603.2	1230.2	1230.2	2818.6	1818.2	1819.6	
Math-75		1.0	1.0	1.0	2.0	54.0	19.0	
Math-76		1119.0714285714287	719.5714285714286	706.5714285714286	1773.142857142857	1614.4285714285713	1677.9285714285713	
Math-77		16.857142857142858	16.857142857142858	16.857142857142858	20.714285714285715	1837.4285714285713	263.42857142857144	
Math-78		104.5	104.5	104.5	140.0	34.5	218.0	
Math-79		30.0	30.0	30.0	87.0	146.0	50.5	
Math-80		14.0	14.0	14.0	37.0	1321.0	22.0	
Math-81		1632.25	1140.75	1140.75	1883.5	2499.0	1897.0	
Math-82		199.0	199.0	199.0	72.0	643.0	1301.0	
Math-83		69.0	69.0	69.0	315.6666666666667	975.6666666666666	437.6666666666667	
Math-84		106.66666666666667	96.66666666666667	100.33333333333333	148.0	167.33333333333334	122.66666666666667	
Math-85		88.0	88.0	88.0	86.0	318.0	211.0	
Math-86		500.0	540.3333333333334	540.3333333333334	66.33333333333333	705.6666666666666	468.3333333333333	
Math-87		551.0	296.0	296.0	526.0	1035.75	1322.0	
Math-88		460.2857142857143	271.42857142857144	271.42857142857144	600.2857142857143	1288.2857142857142	591.1428571428571	
Math-89		25.5	25.5	25.5	61.0	48.5	66.0	
Math-90		27.0	27.0	27.0	88.0	88.0	88.0	
Math-91		1.5	1.5	1.5	2.0	253.0	7.5	
Math-92		22.0	22.0	22.0	90.71428571428571	100.85714285714286	117.28571428571429	
Math-93		29.8	29.8	29.8	78.2	53.2	68.6	
Math-94		4.0	4.0	4.0	115.0	48.0	27.0	
Math-95		10.0	10.0	10.0	12.333333333333334	250.0	28.333333333333332	
Math-96		5.0	5.0	5.0	21.0	16.0	40.0	
Math-97		12.75	12.75	12.75	32.0	114.25	72.5	
Math-98		8.5	8.5	8.5	12.0	188.0	157.0	
Math-99		98.0	98.0	98.0	145.5	224.0	149.5	
Math-100		401.3333333333333	312.6666666666667	312.6666666666667	268.6666666666667	270.0	237.0	
Math-101		11.0	11.0	11.0	13.0	69.0	54.0	
Math-102		6.0	6.0	7.0	6.5	331.0	10.75	
Math-103		27.0	27.0	27.0	138.0	113.0	3.0	
Math-104		38.0	38.0	38.0	118.0	50.0	112.0	
Math-105		44.0	44.0	44.0	65.0	65.0	65.0	
Math-106		64.0	48.333333333333336	48.333333333333336	61.333333333333336	130.66666666666666	90.33333333333333	
Mockito-1		2.0	2.0	2.0	2.0	489.0	1.0	
Mockito-2		180.0	181.66666666666666	185.66666666666666	653.0	806.6666666666666	640.3333333333334	
Mockito-3		1041.8	1043.4	1007.8	1229.8	1222.0	722.8	
Mockito-4		1790.3333333333333	1790.3333333333333	1790.3333333333333	1381.0	1141.6666666666667	1223.3333333333333	
Mockito-5		2905.0	2406.0	2406.0	1112.0	2969.0	892.0	
Mockito-6		1561.65	1561.65	1257.4	1284.35	1662.4	1522.7	
Mockito-7		1649.0	1782.0	1782.0	593.0	102.0	946.0	
Mockito-8		73.5	73.5	73.5	156.5	156.5	156.5	
Mockito-9		943.5	943.5	945.0	1402.0	951.0	878.0	
Mockito-10		490.8333333333333	490.8333333333333	490.8333333333333	453.8333333333333	955.0	433.8333333333333	
Mockito-11		252.5	252.5	252.5	700.5	700.5	700.5	
Mockito-12		137.5	136.5	136.5	1096.0	570.5	554.0	
Mockito-13		515.3333333333334	515.3333333333334	515.3333333333334	590.0	382.0	443.0	
Mockito-14		659.2	659.2	659.2	912.6	725.0	609.4	
Mockito-15		130.5	130.5	130.5	728.5	329.0	222.5	
Mockito-16		538.1666666666666	538.1666666666666	538.1666666666666	673.0	836.3333333333334	723.8333333333334	
Mockito-17		138.2	138.2	138.2	514.4	452.2	512.2	
Mockito-18		9.0	9.0	9.0	2.0	565.0	74.0	
Mockito-20		636.0	636.0	666.5	1130.0	1328.0	1372.0	
Mockito-21		29.2	29.0	29.0	133.2	387.8	119.2	
Mockito-22		159.0	159.0	159.0	655.0	655.0	655.0	
Mockito-23		124.22222222222223	124.22222222222223	124.22222222222223	227.22222222222223	792.1111111111111	409.22222222222223	
Mockito-24		2814.0	2814.0	2814.0	3171.0	3171.0	3171.0	
Mockito-25		106.33333333333333	106.33333333333333	131.0	160.5	1554.0	421.0	
Mockito-26		28.0	28.0	194.0	1.0	392.0	554.0	
Mockito-27		11.5	11.5	11.5	98.5	782.5	238.0	
Mockito-28		258.0	258.0	258.0	273.0	879.0	234.0	
Mockito-29		975.0	882.0	882.0	245.0	223.0	687.0	
Mockito-30		91.0	91.0	91.0	265.0	254.5	237.0	
Mockito-31		146.5	146.5	146.5	507.0	422.5	413.0	
Mockito-32		465.0	465.0	465.0	669.5	1014.0	783.5	
Mockito-33		70.0	150.0	156.0	4.0	838.0	30.0	
Mockito-34		37.0	46.0	46.0	6.0	634.0	59.0	
Mockito-35		979.3333333333334	979.3333333333334	877.0	974.0	1019.3333333333334	953.6666666666666	
Mockito-36		943.5	968.0	968.0	1015.0	1621.0	1345.0	
Mockito-37		229.0	229.0	229.0	378.5	39.5	497.0	
Mockito-38		778.0	734.0	734.0	955.0	191.0	903.0	
Time-1		290.6	290.6	290.6	65.6	985.2	107.6	
Time-2		1269.3333333333333	1269.3333333333333	1269.3333333333333	992.6666666666666	3206.6666666666665	1218.6666666666667	
Chart-1		2484.0	2484.0	2484.0	2697.0	2697.0	2697.0	
Chart-2		324.3	324.3	324.3	354.9	360.4	383.1	
Chart-3		4.0	4.0	4.0	10.0	240.0	65.0	
Chart-5		66.0	66.0	66.0	88.66666666666667	135.33333333333334	87.0	
Chart-6		36.0	77.0	77.0	33.0	61.0	97.0	
Chart-7		172.5	172.5	172.5	274.0	247.0	259.5	
Chart-8		78.0	67.0	67.0	130.0	130.0	130.0	
Chart-9		10.0	10.0	10.0	11.0	66.0	8.0	
Chart-11		70.0	69.0	69.0	127.0	127.0	127.0	
Chart-12		145.0	145.0	145.0	515.0	515.0	515.0	
Chart-13		468.0	468.0	468.0	575.0	575.0	575.0	
Chart-14		2614.5	2614.5	2614.5	2784.5	2784.5	2784.5	
Chart-15		4861.0	4861.0	4861.0	5167.666666666667	5167.666666666667	5167.666666666667	
Chart-16		5.666666666666667	3.3333333333333335	3.6666666666666665	13.333333333333334	37.0	17.333333333333332	
Chart-17		2.0	2.0	2.0	1.0	64.0	18.0	
Chart-18		228.28571428571428	228.28571428571428	227.14285714285714	255.14285714285714	276.14285714285717	255.57142857142858	
Chart-19		1609.0	1609.0	1609.0	1898.0	1898.0	1898.0	
Chart-20		49.0	49.0	49.0	212.0	212.0	212.0	
Chart-21		97.5	97.5	97.5	151.0	234.5	173.0	
Chart-22		59.4	56.8	35.8	42.6	58.8	71.8	
Chart-23		4139.0	4139.0	4139.0	343.0	147.0	442.0	
Chart-24		3.0	3.0	3.0	1.0	9.0	1.0	
Chart-25		10011.9	10011.9	10011.9	10011.9	10011.9	10011.9	
Lang-1		4.0	4.0	4.0	5.333333333333333	136.33333333333334	18.0	
Lang-2		29.0	29.0	29.0	76.0	76.0	76.0	
Lang-3		110.5	110.5	110.5	296.0	326.75	220.75	
Lang-4		42.75	41.25	41.25	42.5	53.0	46.0	
Lang-5		21.0	21.0	21.0	13.5	24.5	13.0	
Lang-6		51.0	51.0	51.0	458.0	458.0	458.0	
Lang-7		431.6	431.6	431.6	183.0	387.8	217.0	
Lang-8		31.0	31.0	31.0	24.0	245.0	55.0	
Lang-9		27.0	29.0	29.0	88.0	9.0	44.0	
Lang-10		159.33333333333334	159.33333333333334	159.33333333333334	308.1666666666667	292.3333333333333	298.3333333333333	
Lang-11		1.0	1.0	1.0	2.0	6.0	2.0	
Lang-12		15.5	16.0	17.0	19.0	29.25	25.5	
Lang-13		64.0	64.0	64.0	13.0	42.0	1.0	
Lang-14		147.0	147.0	147.0	540.0	540.0	540.0	
Lang-15		677.75	722.0	651.25	692.0	725.0	693.75	
Lang-16		27.0	27.0	27.0	256.0	411.0	32.0	
Lang-17		697.5714285714286	621.5714285714286	621.5714285714286	562.1428571428571	500.14285714285717	573.7142857142857	
Lang-18		90.5	90.5	90.5	159.75	11.5	155.5	
Lang-19		22.5	22.0	22.0	17.25	27.75	16.0	
Lang-20		14.5	14.5	14.5	17.5	331.5	38.0	
Lang-21		35.0	35.0	35.0	174.0	174.0	174.0	
Lang-22		17.0	22.0	23.0	11.0	96.0	66.0	
Lang-23		106.66666666666667	106.0	106.0	168.33333333333334	137.33333333333334	173.0	
Lang-24		61.0	61.0	61.0	76.0	143.0	12.0	
Lang-25		12.5	12.5	12.5	19.0	18.5	14.5	
Lang-26		7.0	7.0	7.0	29.0	48.0	161.0	
Lang-27		95.0	95.0	95.0	150.5	293.5	128.0	
Lang-28		2.5	2.5	2.5	2.5	29.5	6.5	
Lang-29		1.0	1.0	1.0	1.0	147.0	7.0	
Lang-30		1085.6470588235295	1085.6470588235295	1085.3529411764705	1243.1176470588234	1259.5882352941176	1259.6470588235295	
Lang-31		185.33333333333334	185.33333333333334	185.33333333333334	619.3333333333334	619.3333333333334	619.3333333333334	
Lang-32		23.75	23.75	23.75	134.25	264.0	115.25	
Lang-33		5.0	5.0	5.0	1.0	399.0	22.0	
Lang-34		25.5	25.5	53.5	31.5	130.5	120.0	
Lang-35		444.0	444.0	444.0	445.0	552.0	448.0	
Lang-36		93.33333333333333	86.0	93.33333333333333	245.66666666666666	232.0	115.66666666666667	
Lang-37		769.5	769.5	769.5	800.5	800.5	800.5	
Lang-38		3.0	3.0	3.0	4.0	82.0	4.0	
Lang-39		665.0	665.0	665.0	776.0	776.0	776.0	
Lang-40		102.0	102.0	102.0	426.0	426.0	426.0	
Lang-41		44.2	44.2	44.2	132.0	139.4	137.0	
Lang-42		182.0	182.0	182.0	212.5	234.5	241.5	
Lang-43		6.0	6.0	6.0	2.0	45.0	18.0	
Lang-44		20.0	20.0	20.0	142.0	142.0	142.0	
Lang-45		1233.0	1233.0	1233.0	1233.0	1233.0	1233.0	
Lang-46		23.0	23.0	23.0	35.55555555555556	41.0	50.77777777777778	
Lang-47		5.5	5.5	5.5	5.0	228.0	3.0	
Lang-48		38.666666666666664	38.666666666666664	38.666666666666664	93.33333333333333	111.0	94.0	
Lang-49		1.0	1.0	1.0	4.0	107.0	7.0	
Lang-50		100.0	93.8	88.2	135.3	160.5	154.2	
Lang-51		118.0	118.0	118.0	137.0	137.0	137.0	
Lang-52		61.0	61.0	61.0	71.0	51.5	37.5	
Lang-53		118.5	118.5	118.5	88.5	58.5	65.75	
Lang-54		4.0	4.0	4.0	5.0	33.0	4.0	
Lang-55		16.0	16.0	16.0	28.5	26.0	29.5	
Lang-56		329.5	328.5	328.5	296.5	318.5	330.5	
Lang-57		163.0	85.0	85.0	165.0	165.0	165.0	
Lang-58		20.5	20.5	20.5	65.0	279.5	87.0	
Lang-59		5.0	5.0	5.0	3.0	229.0	8.0	
Lang-60		575.5	575.5	575.5	502.5	402.5	383.5	
Lang-61		823.0	823.0	823.0	856.0	856.0	856.0	
Lang-62		145.0	145.0	145.0	87.25	110.5	91.25	
Lang-63		35.73684210526316	35.73684210526316	35.73684210526316	67.05263157894737	148.0	80.47368421052632	
Lang-64		1187.5	941.5	941.5	744.0	672.0	721.0	
Lang-65		62.75	62.75	62.75	53.25	92.25	25.0	
Math-1		437.5	437.5	437.5	678.0	678.0	678.0	
Math-2		38.0	38.0	38.0	213.0	194.0	231.0	
Math-3		2.0	2.0	2.0	37.0	128.0	24.0	
Math-4		4.0	4.0	4.0	19.0	340.5	100.0	
Math-5		1.0	1.0	1.0	2.0	65.0	5.0	
Math-6		1182.8235294117646	1181.7058823529412	1182.3529411764705	1205.0588235294117	1163.4705882352941	1219.6470588235295	
Math-7		1972.3333333333333	1972.3333333333333	1972.3333333333333	1417.888888888889	1406.111111111111	1412.3333333333333	
Math-8		3.5	3.5	3.5	3.5	68.5	9.0	
Math-9		1.0	1.0	1.0	3.0	56.0	2.0	
Math-10		1943.0	1943.0	1943.0	1978.0	1978.0	1978.0	
Math-11		10.0	10.0	10.0	5.0	237.0	105.0	
Math-12		159.0	159.0	159.0	518.0	518.0	518.0	
Math-13		3165.0	3165.0	3165.0	3271.5	3241.5	3223.5	
Math-14		2091.1666666666665	2091.1666666666665	2091.1666666666665	918.1666666666666	883.1666666666666	894.0	
Math-15		597.0	597.0	597.0	703.5	703.5	703.5	
Math-16		1272.7777777777778	1272.7777777777778	1272.7777777777778	1426.3333333333333	1426.3333333333333	1426.3333333333333	
Math-17		78.0	78.0	78.0	307.0	244.0	95.0	
Math-18		5132.5	5132.5	5132.5	5133.5	5133.5	5133.5	
Math-19		428.5	428.5	428.5	663.5	663.5	663.5	
Math-20		125.0	125.0	125.0	7.0	169.0	271.0	
Math-21		59.36363636363637	59.36363636363637	59.36363636363637	157.36363636363637	336.1818181818182	144.27272727272728	
Math-22		2018.0	2018.0	2018.0	2147.5	2147.5	2147.5	
Math-23		543.6666666666666	515.3333333333334	515.3333333333334	296.8333333333333	270.5	270.6666666666667	
Math-24		209.5	209.5	209.5	248.0	300.5	264.0	
Math-25		95.0	95.0	95.0	287.0	287.0	287.0	
Math-26		28.5	28.5	28.5	50.0	16.0	91.0	
Math-27		1.0	1.0	1.0	2.0	108.0	1.0	
Math-28		51.2	51.2	51.2	41.8	198.6	83.0	
Math-29		2466.4	2466.4	2466.4	2494.4	2494.4	2494.4	
Math-30		26.0	26.0	26.0	27.0	101.0	236.0	
Math-31		740.7241379310345	740.7241379310345	740.7241379310345	804.448275862069	804.7241379310345	797.1034482758621	
Math-32		2413.0	2413.0	2413.0	2506.0	2506.0	2506.0	
Math-33		13.0	13.0	13.0	19.0	110.0	161.0	
Math-34		3.0	3.0	3.0	1.0	87.0	9.0	
Math-35		51.5	51.5	51.5	242.5	242.5	242.5	
Math-36		442.5	442.5	442.5	462.5	462.5	462.5	
Math-37		1065.4	1065.4	1015.2	1028.8	1160.6	1061.8	
Math-38		851.5	851.5	851.5	897.5	897.5	897.5	
Math-39		2324.0	2324.0	2324.0	2366.0	2366.0	2366.0	
Math-40		945.0	945.0	945.0	969.5	1037.0	987.0	
Math-41		1792.0	1792.0	1792.0	1824.0	1824.0	1824.0	
Math-42		49.5	49.5	49.5	106.5	175.0	185.5	
Math-43		25.0	25.0	48.0	138.33333333333334	312.0	137.66666666666666	
Math-44		199.66666666666666	199.66666666666666	199.66666666666666	317.0	292.6666666666667	365.0	
Math-45		2.0	2.0	2.0	1.0	143.0	2.0	
Math-46		285.5	285.5	285.5	451.5	451.5	451.5	
Math-47		2533.2	2533.2	2533.2	2540.2	2540.2	2540.2	
Math-48		3013.0	3013.0	3013.0	3030.0	3030.0	3030.0	
Math-49		2682.5	2682.5	2682.5	2184.75	2208.5	2149.25	
Math-50		288.0	288.0	288.0	568.0	568.0	568.0	
Math-51		328.5	328.5	328.5	457.5	457.5	457.5	
Math-52		1732.6666666666667	1732.6666666666667	1732.6666666666667	273.0	113.33333333333333	52.333333333333336	
Math-53		2.0	2.0	2.0	2.0	168.0	8.0	
Math-54		2236.0	2236.0	2236.0	2256.0	2256.0	2256.0	
Math-55		1967.5	1967.5	1967.5	1978.5	1978.5	1978.5	
Math-56		399.0	399.0	399.0	619.8333333333334	774.8333333333334	637.1666666666666	
Math-57		2517.0	2174.0	2174.0	2531.0	2531.0	2531.0	
Math-58		497.0	497.0	497.0	497.0	497.0	497.0	
Math-59		2880.0	2880.0	2880.0	2880.0	2880.0	2880.0	
Math-60		206.75	206.75	206.75	364.125	403.5	372.75	
Math-61		1038.0	1034.0	1034.0	1053.0	1202.5	1072.5	
Math-62		2144.75	1940.75	1940.75	2162.75	2162.75	2162.75	
Math-63		122.0	122.0	122.0	565.0	565.0	565.0	
Math-64		244.21428571428572	244.21428571428572	244.21428571428572	263.2142857142857	260.2142857142857	256.42857142857144	
Math-65		264.3333333333333	264.3333333333333	264.3333333333333	333.0	355.0	335.3333333333333	
Math-66		499.52941176470586	514.7647058823529	523.9411764705883	525.3529411764706	518.4117647058823	521.0588235294117	
Math-67		268.5	263.5	263.5	274.5	335.0	318.5	
Math-68		247.71428571428572	247.71428571428572	247.71428571428572	291.85714285714283	274.85714285714283	234.0	
Math-69		12.0	12.0	12.0	52.0	38.0	131.0	
Math-70		1.0	1.0	1.0	1.0	73.0	4.0	
Math-71		651.0	651.0	651.0	720.5	720.5	720.5	
Math-72		81.0	81.0	81.0	105.0	112.0	99.0	
Math-73		2.0	2.0	2.0	16.0	91.0	2.0	
Math-74		3655.4	3655.4	3655.4	3614.2	3684.2	3661.2	
Math-75		1.0	1.0	1.0	2.0	90.0	8.0	
Math-76		1443.2857142857142	1443.2857142857142	1443.2857142857142	1555.642857142857	1601.5714285714287	1579.5	
Math-77		3927.8571428571427	3927.8571428571427	3927.8571428571427	4004.8571428571427	4004.8571428571427	4004.8571428571427	
Math-78		104.5	104.5	104.5	181.5	130.0	138.5	
Math-79		26.5	26.5	26.5	32.0	86.5	44.5	
Math-80		10.0	10.0	10.0	9.0	123.0	8.0	
Math-81		2114.75	2114.75	2114.75	886.75	955.5	885.0	
Math-82		1955.0	1646.0	1646.0	1961.0	1961.0	1961.0	
Math-83		69.0	69.0	69.0	165.66666666666666	355.0	169.33333333333334	
Math-84		100.0	97.0	99.33333333333333	105.33333333333333	122.66666666666667	134.0	
Math-85		52.0	52.0	52.0	98.0	95.0	61.0	
Math-86		512.0	470.3333333333333	470.3333333333333	597.0	613.6666666666666	668.3333333333334	
Math-87		546.0	504.25	504.25	330.25	198.5	356.5	
Math-88		453.14285714285717	412.85714285714283	412.85714285714283	486.42857142857144	559.1428571428571	473.85714285714283	
Math-89		25.5	25.5	25.5	54.5	60.0	46.5	
Math-90		27.0	27.0	27.0	88.0	88.0	88.0	
Math-91		1.5	1.5	1.5	2.0	18.0	2.5	
Math-92		24.285714285714285	24.285714285714285	24.285714285714285	74.42857142857143	79.42857142857143	76.0	
Math-93		29.4	29.4	29.4	58.0	59.2	62.8	
Math-94		2.0	2.0	2.0	94.0	35.0	25.0	
Math-95		10.0	10.0	10.0	7.0	123.33333333333333	23.333333333333332	
Math-96		5.0	5.0	5.0	29.0	68.0	11.0	
Math-97		12.0	12.0	12.0	22.75	44.25	28.25	
Math-98		383.0	383.0	383.0	414.5	484.0	407.0	
Math-99		92.0	92.0	92.0	117.0	162.0	126.0	
Math-100		387.0	387.0	387.0	98.33333333333333	110.0	108.0	
Math-101		11.0	11.0	11.0	19.0	37.0	25.0	
Math-102		6.0	6.0	7.0	5.5	190.0	19.25	
Math-103		27.0	27.0	27.0	69.0	64.0	3.0	
Math-104		38.0	38.0	38.0	118.0	62.0	83.0	
Math-105		44.0	44.0	44.0	65.0	65.0	65.0	
Math-106		64.0	48.333333333333336	48.333333333333336	69.0	125.33333333333333	67.66666666666667	
Mockito-1		1918.0	1918.0	1918.0	2024.0	2024.0	2024.0	
Mockito-2		161.66666666666666	161.66666666666666	161.66666666666666	424.6666666666667	424.6666666666667	424.6666666666667	
Mockito-3		2111.6	2111.6	2111.6	2271.6	2271.6	2271.6	
Mockito-4		1758.3333333333333	1758.3333333333333	1758.3333333333333	1841.6666666666667	1841.6666666666667	1841.6666666666667	
Mockito-5		2894.0	2894.0	2894.0	49.0	422.0	298.0	
Mockito-6		1954.8	1954.8	1932.9	1967.35	2011.75	1993.05	
Mockito-7		1605.0	1605.0	1605.0	1615.0	1615.0	1615.0	
Mockito-8		64.5	64.5	64.5	117.5	117.5	117.5	
Mockito-9		1358.5	1358.5	1358.5	1550.5	1550.5	1550.5	
Mockito-10		427.8333333333333	427.8333333333333	427.8333333333333	336.5	416.5	296.6666666666667	
Mockito-11		146.5	146.5	146.5	375.5	375.5	375.5	
Mockito-12		190.5	190.5	190.5	401.5	401.5	401.5	
Mockito-13		829.3333333333334	829.3333333333334	829.3333333333334	548.3333333333334	575.0	571.0	
Mockito-14		920.4	920.4	920.4	966.0	983.6	999.2	
Mockito-15		123.5	123.5	123.5	207.5	229.5	174.5	
Mockito-16		562.6666666666666	562.6666666666666	562.6666666666666	650.3333333333334	674.0	655.5	
Mockito-17		264.4	264.4	264.4	485.6	452.8	453.0	
Mockito-18		4.0	4.0	4.0	10.0	127.0	15.0	
Mockito-20		638.5	638.5	643.25	828.25	835.25	898.5	
Mockito-21		16.6	16.6	16.6	67.2	155.6	74.8	
Mockito-22		91.0	91.0	91.0	329.0	329.0	329.0	
Mockito-23		441.1111111111111	441.1111111111111	441.1111111111111	539.2222222222222	700.2222222222222	602.6666666666666	
Mockito-24		2767.0	2767.0	2767.0	2873.0	2873.0	2873.0	
Mockito-25		1636.0	1636.0	1637.3333333333333	1708.0	1799.3333333333333	1729.5	
Mockito-26		364.0	364.0	364.0	659.0	659.0	659.0	
Mockito-27		478.0	478.0	478.0	550.5	747.5	595.5	
Mockito-28		214.0	214.0	214.0	136.0	291.0	314.0	
Mockito-29		783.0	783.0	783.0	843.0	843.0	843.0	
Mockito-30		601.5	601.5	601.5	643.0	643.0	643.0	
Mockito-31		70.5	70.5	70.5	212.5	134.5	182.5	
Mockito-32		747.0	747.0	747.0	920.0	920.0	920.0	
Mockito-33		36.0	63.0	63.0	5.0	63.0	7.0	
Mockito-34		1581.0	1581.0	1581.0	1661.0	1661.0	1661.0	
Mockito-35		1311.6666666666667	1311.6666666666667	1311.6666666666667	1316.3333333333333	1316.3333333333333	1316.3333333333333	
Mockito-36		1817.5	1817.5	1817.5	1838.0	1838.0	1838.0	
Mockito-37		293.5	293.5	293.5	483.5	483.5	483.5	
Mockito-38		618.0	618.0	618.0	714.0	714.0	714.0	
Time-1		1963.6	1963.6	1963.6	2131.4	2131.4	2131.4	
Time-2		2284.0	2284.0	2284.0	1480.0	1408.6666666666667	1425.3333333333333	
Time-3		2460.7	2460.7	2460.7	2510.7	2510.7	2510.7	
Time-4		4914.0	4914.0	4914.0	4946.0	4946.0	4946.0	
Time-5		648.5	648.5	648.5	824.5	824.5	824.5	
Time-6		3621.5	3621.5	3621.5	3674.5	3674.5	3674.5	
Time-7		724.0	724.0	724.0	838.5	873.5	883.0	
Time-8		428.3333333333333	428.3333333333333	428.3333333333333	737.3333333333334	737.3333333333334	737.3333333333334	
Time-9		434.2	434.2	434.2	736.2	736.2	736.2	
Time-10		2218.0	2218.0	2218.0	2305.0	2305.0	2305.0	
Time-11		1303.0	1303.0	1303.0	1463.0	1463.0	1463.0	
Time-12		2990.1666666666665	2990.1666666666665	2990.1666666666665	3094.6666666666665	3094.6666666666665	3094.6666666666665	
Time-13		4427.0	4427.0	4427.0	4452.0	4452.0	4452.0	
Time-14		1.0	1.0	1.0	4.0	154.0	15.0	
Time-15		132.0	132.0	132.0	151.0	151.0	151.0	
Time-16		804.5	804.5	804.5	915.5	986.5	924.0	
Time-17		992.6	992.6	992.6	1103.6	1160.8	1105.0	
Time-18		3016.5	3016.5	3016.5	3056.5	3056.5	3056.5	
Time-19		641.0	641.0	641.0	823.0	823.0	823.0	
Time-20		1104.0	1104.0	1104.0	1303.0	1303.0	1303.0	
Time-21		1135.5714285714287	1135.5714285714287	1135.5714285714287	1171.142857142857	1285.5714285714287	1173.5714285714287	
Time-22		1296.5	1296.5	1296.5	1564.5	1564.5	1564.5	
Time-23		72.11111111111111	72.11111111111111	72.11111111111111	142.88888888888889	219.33333333333334	168.66666666666666	
Time-24		504.0	504.0	504.0	681.0	681.0	681.0	
Time-25		1603.0	1603.0	1603.0	1781.0	1781.0	1781.0	
Time-26		3582.0	3582.0	3582.0	3700.0	3700.0	3700.0	
Time-27		5424.666666666667	5424.666666666667	5424.666666666667	5425.666666666667	5425.666666666667	5425.666666666667	
