Lang-3		1723.0	1723.0	1723.0	1256.0	879.0	2.0	
Lang-6		2758.0	1098.0	1098.0	529.0	1410.0	2505.0	
Lang-10		410.0	382.0	382.0	206.0	121.0	586.0	
Lang-17		6.0	6.0	6.0	672.0	1012.0	1145.0	
Lang-26		455.0	455.0	455.0	226.0	87.0	1.0	
Lang-32		1217.0	1217.0	1217.0	925.0	239.0	1.0	
Lang-33		1331.0	1331.0	1331.0	30.0	349.0	1.0	
===============================================================
Chart-1		35.0	35.0	35.0	307.0	3707.0	2865.0	
Chart-2		228.8	202.6	202.6	572.9	670.6	499.2	
Chart-3		4.0	4.0	4.0	26.0	519.0	420.0	
Chart-1		35.0	35.0	35.0	4471.0	786.0	5873.0	
Chart-1		35.0	35.0	35.0	185.0	4550.0	66.0	
Chart-1		35.0	35.0	35.0	
Chart-1		35.0	35.0	35.0	
Chart-2		228.8	202.6	202.6	
Chart-3		4.0	4.0	4.0	
Chart-4		4755.333333333333	6473.333333333333	6639.0	
Chart-5		66.33333333333333	88.0	88.0	
Chart-6		57.0	57.0	104.0	
Chart-7		74.5	74.5	74.5	
Chart-8		1.0	1.0	1.0	
Chart-9		14.0	14.0	14.0	
Chart-10		3.0	3.0	3.0	
Chart-11		5.0	5.0	5.0	
Chart-12		8.0	8.0	8.0	
Chart-5		66.33333333333333	88.0	88.0	
Chart-6		57.0	57.0	104.0	
Chart-7		74.5	74.5	74.5	
Chart-8		1.0	1.0	1.0	
Chart-9		14.0	14.0	14.0	
Chart-10		3.0	3.0	3.0	
Chart-11		5.0	5.0	5.0	
Chart-12		8.0	8.0	8.0	
Chart-13		48.0	48.0	48.0	
Chart-14		25.0	16.0	16.0	
Chart-15		3584.3333333333335	2395.3333333333335	2395.3333333333335	
Chart-16		14.0	12.333333333333334	3.6666666666666665	
Chart-17		2.0	2.0	2.0	
Chart-18		10.428571428571429	10.428571428571429	11.285714285714286	
Chart-19		1.5	1.5	1.5	
Chart-20		5.0	5.0	5.0	
Chart-21		39.75	39.75	39.75	
Chart-22		68.6	56.8	27.2	
Chart-23		4176.0	1546.0	1546.0	
Chart-24		3.0	3.0	3.0	
Mockito-1		2.0	2.0	2.0	
Mockito-2		101.66666666666667	103.33333333333333	110.0	
Mockito-3		640.4	590.6	515.2	
Mockito-4		1798.3333333333333	1810.6666666666667	1810.6666666666667	
Mockito-1		2.0	2.0	2.0	1.0	1598.0	832.0	
Mockito-2		101.66666666666667	103.33333333333333	110.0	776.6666666666666	884.3333333333334	435.3333333333333	
Mockito-3		640.4	590.6	515.2	746.0	3062.8	1024.0	
Lang-1		4.0	4.0	4.0	329.6666666666667	899.0	710.3333333333334	
Lang-2		17.0	17.0	17.0	81.0	4.0	59.0	
Lang-3		110.5	110.5	110.5	996.0	893.25	1414.75	
Lang-4		9.0	9.0	9.0	26.25	42.5	36.0	
Lang-5		22.5	22.5	22.5	31.0	49.5	25.5	
Lang-1		4.0	4.0	4.0	295.6666666666667	1001.3333333333334	1069.3333333333333	
Lang-1		4.0	4.0	4.0	560.3333333333334	1471.3333333333333	1607.3333333333333	
Lang-2		17.0	17.0	17.0	74.0	5.0	13.0	
Lang-3		110.5	110.5	110.5	542.0	1165.75	1003.5	
Lang-4		9.0	9.0	9.0	24.5	33.5	41.75	
Lang-5		22.5	22.5	22.5	29.5	20.5	39.0	
Lang-6		98.0	98.0	98.0	2673.0	2516.0	2786.0	
Lang-7		450.0	179.4	179.4	930.4	845.8	871.2	
Lang-8		34.0	34.0	34.0	46.0	322.0	530.0	
Lang-9		68.0	68.0	77.0	467.0	371.0	673.0	
Lang-10		73.16666666666667	73.16666666666667	78.83333333333333	261.1666666666667	288.3333333333333	598.0	
Lang-11		4.0	4.0	4.0	6.0	52.0	39.0	
Lang-12		10.75	11.25	11.25	18.0	17.25	16.75	
Lang-13		64.0	57.0	57.0	55.0	44.0	68.0	
Lang-14		4.0	4.0	4.0	521.0	320.0	923.0	
Lang-15		314.25	359.0	346.0	927.25	1217.75	732.5	
Lang-16		27.0	27.0	27.0	284.0	269.0	1681.0	
Lang-17		701.7142857142857	135.42857142857142	135.42857142857142	1216.0	851.1428571428571	1246.2857142857142	
Lang-18		107.25	107.25	107.25	253.5	27.5	325.25	
Lang-19		28.0	24.5	22.5	19.0	31.5	9.25	
Lang-20		16.5	16.5	16.5	379.0	1121.0	827.0	
Lang-21		2.0	2.0	2.0	3.0	14.0	136.0	
Lang-21		2.0	2.0	2.0	1.0	309.0	55.0	
Lang-22		26.0	26.0	34.0	127.0	176.0	13.0	
Lang-23		140.0	133.66666666666666	133.66666666666666	292.6666666666667	124.33333333333333	227.0	
Lang-24		64.0	64.0	64.0	390.0	746.0	247.0	
Lang-25		10.0	10.0	10.0	18.0	16.0	16.0	
Lang-26		7.0	7.0	7.0	208.0	119.0	216.0	
Lang-27		129.0	129.0	129.0	171.5	1310.5	512.5	
Lang-28		3.5	3.5	3.5	14.5	30.0	2.5	
Lang-29		1.0	1.0	1.0	361.0	80.0	869.0	
Lang-30		104.94117647058823	86.58823529411765	85.58823529411765	424.0	1510.7058823529412	1393.235294117647	
Lang-31		6.333333333333333	6.333333333333333	8.333333333333334	442.0	762.0	935.6666666666666	
Lang-32		33.0	33.0	33.0	393.0	402.0	1191.75	
Lang-33		7.0	7.0	7.0	1153.0	1292.0	382.0	
Lang-34		54.0	62.0	146.0	125.5	868.5	273.5	
Lang-35		444.0	470.5	470.5	138.0	372.0	470.0	
Lang-36		106.33333333333333	103.0	99.0	344.0	662.6666666666666	857.6666666666666	
Lang-37		6.5	6.5	6.5	655.5	835.0	246.0	
Lang-38		3.0	3.0	3.0	189.0	180.0	90.0	
Lang-39		27.0	27.0	27.0	352.0	347.0	687.0	
Lang-40		2.0	2.0	2.0	910.0	753.0	482.0	
Lang-41		33.2	33.2	20.4	88.8	119.2	81.2	
Lang-42		15.0	15.0	15.0	26.5	544.5	296.5	
Lang-43		6.0	6.0	6.0	10.0	265.0	22.0	
Lang-44		3.0	3.0	3.0	42.0	185.0	167.0	
Lang-45		8.0	8.0	8.0	363.0	273.0	59.0	
Lang-46		23.666666666666668	13.666666666666666	13.666666666666666	81.44444444444444	160.77777777777777	136.77777777777777	
Lang-47		7.0	7.0	7.0	378.5	409.0	602.0	
Lang-48		23.0	21.333333333333332	21.333333333333332	177.0	19.0	202.33333333333334	
Lang-49		1.0	1.0	1.0	1.0	25.0	40.0	
Lang-50		36.6	32.4	26.0	132.3	198.1	128.2	
Lang-51		14.0	14.0	14.0	20.0	20.0	114.0	
Lang-52		62.0	44.0	44.0	78.0	26.5	146.0	
Lang-53		125.0	122.0	122.0	170.25	110.0	148.0	
Lang-54		4.0	4.0	4.0	28.0	11.0	39.0	
Lang-55		7.5	7.5	7.5	13.5	8.5	28.0	
Lang-56		379.5	353.5	353.5	210.0	215.5	301.0	
Lang-57		6.0	6.0	6.0	2.0	56.0	6.0	
Lang-58		20.5	20.5	20.5	287.0	1150.0	702.5	
Lang-59		6.0	6.0	6.0	28.0	838.0	311.0	
Lang-60		297.0	291.0	291.0	10.5	394.0	694.5	
Lang-61		8.0	21.0	21.0	193.0	648.0	452.0	
Lang-62		183.0	183.0	183.0	58.5	47.25	89.25	
Lang-63		37.94736842105263	37.94736842105263	37.94736842105263	173.57894736842104	506.1578947368421	280.7894736842105	
Lang-64		594.5	70.0	70.0	156.0	949.5	334.5	
Lang-65		63.25	61.25	61.25	71.25	22.0	100.25	
Chart-1		35.0	35.0	35.0	842.0	2923.0	4586.0	
Chart-1		35.0	35.0	35.0	2319.0	1416.0	5474.0	
Chart-2		228.8	202.6	202.6	438.8	751.4	689.3	
Chart-3		4.0	4.0	4.0	58.0	216.0	29.0	
Chart-5		66.33333333333333	88.0	88.0	165.66666666666666	55.666666666666664	117.33333333333333	
Chart-6		57.0	57.0	104.0	637.0	314.0	575.0	
Chart-7		74.5	74.5	74.5	412.5	423.5	399.5	
Chart-8		1.0	1.0	1.0	23.0	14.0	139.0	
Chart-9		14.0	14.0	14.0	7.0	158.0	85.0	
Chart-10		3.0	3.0	3.0	3.0	6.0	1.0	
Chart-11		5.0	5.0	5.0	123.0	173.0	124.0	
Chart-12		8.0	8.0	8.0	1489.0	79.0	217.0	
Chart-13		48.0	48.0	48.0	476.0	179.0	373.0	
Chart-14		25.0	16.0	16.0	2771.0	3705.75	3422.25	
Chart-16		14.0	12.333333333333334	3.6666666666666665	65.33333333333333	103.66666666666667	52.333333333333336	
Chart-17		2.0	2.0	2.0	213.0	613.0	729.0	
Chart-18		10.428571428571429	10.428571428571429	11.285714285714286	58.0	241.42857142857142	116.28571428571429	
Chart-19		1.5	1.5	1.5	3050.0	1861.5	157.0	
Chart-20		5.0	5.0	5.0	86.0	6.0	194.0	
Chart-21		39.75	39.75	39.75	241.0	413.0	247.25	
Chart-22		68.6	56.8	27.2	81.0	173.2	120.0	
Chart-23		4176.0	1546.0	1546.0	3763.0	1196.0	4306.0	
Chart-24		3.0	3.0	3.0	4.0	8.0	2.0	
Math-1		15.5	15.5	10.5	720.0	1135.5	1549.0	
Math-1		15.5	15.5	10.5	1044.5	2293.5	1714.5	
Math-1		15.5	15.5	10.5	204.5	1398.0	654.0	
Math-1		15.5	15.5	10.5	401.0	149.5	1372.5	
Math-2		38.0	38.0	38.0	189.0	1668.0	1323.0	
Math-3		3.0	3.0	3.0	134.0	202.0	92.0	
Math-4		5.0	5.0	5.0	49.5	2609.0	1869.0	
Math-5		1.0	1.0	1.0	2.0	123.0	62.0	
Math-5		1.0	1.0	1.0	49.0	131.0	131.0	
Math-4		5.0	5.0	5.0	255.0	1197.5	2044.0	
Math-5		1.0	1.0	1.0	110.0	17.0	153.0	
Math-6		2015.3529411764705	1976.5882352941176	1942.3529411764705	4537.64705882353	4915.176470588235	5117.117647058823	
Math-7		1386.4444444444443	682.5555555555555	682.5555555555555	1026.5555555555557	2121.6666666666665	1410.7777777777778	
Math-8		3.5	3.5	3.5	21.5	601.0	209.5	
Math-9		1.0	1.0	1.0	704.0	1773.0	1073.0	
Math-10		17.0	17.0	17.0	197.0	1476.0	538.0	
Math-11		31.0	31.0	31.0	112.0	122.0	172.0	
Math-12		301.0	301.0	387.0	2303.0	762.0	2283.0	
Math-13		3235.5	778.0	778.0	6240.0	4759.5	7290.0	
Math-14		1811.3333333333333	655.3333333333334	655.3333333333334	5607.833333333333	4074.3333333333335	6222.666666666667	
Math-17		82.0	82.0	82.0	729.0	635.0	609.0	
Math-18		645.5	645.5	645.5	6377.0	1329.5	5198.0	
Math-19		450.5	421.5	421.5	1355.0	2779.5	1561.5	
Math-20		423.0	423.0	423.0	3223.0	4999.0	6630.0	
Math-21		54.36363636363637	55.27272727272727	59.36363636363637	244.72727272727272	3318.909090909091	53.72727272727273	
Math-22		1.5	1.5	1.5	428.0	1378.0	855.5	
Math-23		550.8333333333334	223.66666666666666	223.66666666666666	1782.5	1328.1666666666667	2132.0	
Math-24		237.0	235.0	235.0	2123.5	24.5	2096.0	
Math-22		1.5	1.5	1.5	1228.0	909.5	1815.5	
Math-23		550.8333333333334	223.66666666666666	223.66666666666666	1587.3333333333333	1713.8333333333333	2188.5	
Math-24		237.0	235.0	235.0	2102.5	2009.0	2267.5	
Math-25		100.0	99.0	99.0	539.0	18.0	548.0	
Math-26		43.0	43.0	43.0	1714.0	1284.5	1411.0	
Math-27		1.0	1.0	1.0	1.0	1769.0	1826.0	
Math-28		51.8	51.8	51.8	2412.0	2024.6	4352.0	
Math-29		92.8	52.0	8.8	181.2	2450.0	1215.6	
Math-30		28.0	28.0	28.0	195.0	746.0	2430.0	
Math-31		634.2413793103449	539.3448275862069	556.9655172413793	1934.8620689655172	1877.2758620689656	2190.344827586207	
Math-32		2.0	2.0	2.0	192.0	2200.0	795.0	
Math-33		26.0	26.0	26.0	1945.0	5359.0	5363.0	
Math-34		3.0	3.0	3.0	27.0	175.0	103.0	
Math-35		13.0	13.0	12.5	229.0	148.5	467.0	
Math-36		179.5	179.5	20.5	320.25	616.0	337.5	
Math-37		363.6	153.4	149.8	628.6	1021.6	622.0	
Math-38		257.0	346.25	346.25	1070.5	490.0	1011.5	
Math-39		117.0	117.0	117.0	1400.0	1482.0	1775.0	
Math-40		969.0	302.0	302.0	664.0	538.0	1575.5	
Math-41		35.0	35.0	35.0	479.0	343.0	129.0	
Math-42		71.5	71.5	71.5	3345.5	5498.0	5512.5	
Math-43		53.0	60.0	86.0	608.6666666666666	1743.0	400.3333333333333	
Math-44		515.0	508.3333333333333	508.3333333333333	2504.3333333333335	2342.0	1492.6666666666667	
Math-45		2.0	2.0	2.0	675.0	315.0	323.0	
Math-46		191.0	190.0	190.5	1358.5	1913.5	1164.0	
Math-47		1052.0	351.4	410.4	1279.6	1383.0	2036.6	
Math-48		355.0	355.0	355.0	1149.0	1095.0	531.0	
Math-49		2018.75	1809.25	1809.25	887.25	942.5	1771.75	
Math-50		2.3333333333333335	2.3333333333333335	2.3333333333333335	1843.6666666666667	1530.3333333333333	414.6666666666667	
Math-51		229.0	229.0	229.0	2094.5	781.5	2084.5	
Math-52		1757.0	555.6666666666666	555.6666666666666	882.3333333333334	2925.0	292.3333333333333	
Math-53		2.0	2.0	2.0	293.0	26.0	127.0	
Math-54		1218.5	1399.5	1399.5	1815.5	1650.5	1332.0	
Math-55		990.5	387.5	387.5	179.5	1612.5	612.5	
Math-56		22.5	22.5	22.5	14.5	1448.6666666666667	181.0	
Math-57		4.0	4.0	4.0	4.0	1605.0	290.0	
Math-58		504.0	504.0	504.0	841.0	2675.0	2786.0	
Math-60		427.25	514.25	514.25	1025.5	1844.375	707.125	
Math-61		296.5	296.5	296.5	1123.5	1439.0	929.0	
Math-62		328.75	328.75	328.75	500.0	376.25	678.25	
Math-63		1.0	1.0	1.0	56.0	1402.0	1236.0	
Math-64		261.64285714285717	225.0	225.64285714285714	392.0	382.0	361.42857142857144	
Math-65		135.66666666666666	135.66666666666666	135.66666666666666	2832.5	1122.6666666666667	3057.6666666666665	
Math-65		135.66666666666666	135.66666666666666	135.66666666666666	2558.5	2761.3333333333335	3349.6666666666665	
Math-66		116.3529411764706	152.64705882352942	553.6470588235294	1268.235294117647	529.5294117647059	1438.4705882352941	
Math-67		326.0	327.5	327.5	236.5	460.0	265.5	
Math-68		277.42857142857144	258.42857142857144	259.2857142857143	387.57142857142856	389.42857142857144	339.85714285714283	
Math-69		12.0	12.0	12.0	206.0	2526.0	736.0	
Math-70		1.0	1.0	1.0	2.0	105.0	3.0	
Math-71		1.5	1.5	1.5	696.0	269.0	426.0	
Math-72		87.5	112.0	112.0	57.0	172.0	17.5	
Math-73		2.0	2.0	2.0	77.0	281.0	265.0	
Math-74		1614.0	966.0	966.0	2806.0	1913.8	4246.4	
Math-75		1.0	1.0	1.0	11.0	53.0	5.0	
Math-76		1124.2142857142858	372.7142857142857	360.57142857142856	2861.8571428571427	657.4285714285714	3507.0	
Math-77		16.857142857142858	16.857142857142858	16.857142857142858	800.5714285714286	2905.285714285714	2604.714285714286	
Math-78		111.5	111.5	111.5	192.0	86.5	348.0	
Math-79		31.0	31.0	31.0	193.5	156.0	353.5	
Math-80		14.0	14.0	14.0	287.0	258.0	3505.0	
Math-81		1632.75	512.25	512.25	2553.0	1992.0	2637.25	
Math-82		217.0	217.0	217.0	1110.0	1584.0	1901.0	
Math-83		70.0	70.0	70.0	1621.0	833.3333333333334	1495.3333333333333	
Math-84		69.33333333333333	76.66666666666667	86.0	97.66666666666667	50.666666666666664	113.66666666666667	
Math-85		91.0	91.0	91.0	179.0	418.0	309.0	
Math-86		512.6666666666666	537.6666666666666	540.3333333333334	1139.6666666666667	821.0	1003.3333333333334	
Math-87		565.0	169.25	169.25	1830.0	705.75	1676.25	
Math-88		21.142857142857142	21.142857142857142	21.142857142857142	1026.2857142857142	656.0	966.5714285714286	
Math-89		13.5	13.5	13.5	44.0	35.5	31.5	
Math-90		3.0	3.0	3.0	8.0	51.0	14.0	
Math-90		3.0	3.0	3.0	11.0	90.0	44.0	
Math-91		1.5	1.5	1.5	46.5	384.5	125.0	
Math-92		20.0	18.714285714285715	18.714285714285715	103.28571428571429	124.85714285714286	118.71428571428571	
Math-93		17.4	16.4	16.4	78.2	88.8	59.4	
Math-94		6.0	6.0	6.0	153.0	171.0	126.0	
Math-95		10.0	10.0	10.0	134.66666666666666	354.0	278.0	
Math-95		10.0	10.0	10.0	230.33333333333334	188.33333333333334	304.0	
Math-96		5.0	5.0	5.0	75.0	75.0	68.0	
Math-97		14.25	14.25	14.25	105.75	202.75	162.5	
Math-98		8.5	8.5	8.5	290.0	264.0	309.5	
Math-99		17.5	17.5	17.0	157.0	108.0	270.5	
Math-100		404.0	196.66666666666666	196.66666666666666	299.6666666666667	158.66666666666666	289.6666666666667	
Math-101		12.0	12.0	12.0	13.0	96.0	4.0	
Math-102		6.0	6.0	8.0	6.5	574.0	7.5	
Math-103		32.0	32.0	32.0	36.0	81.0	208.0	
Math-104		61.0	61.0	61.0	166.0	145.0	154.0	
Math-105		25.0	25.0	25.0	7.0	16.0	50.0	
Math-106		65.0	44.333333333333336	44.333333333333336	74.0	34.666666666666664	53.333333333333336	
Lang-21		2.0	2.0	2.0	127.0	112.0	139.0	
Lang-22		26.0	26.0	34.0	19.0	194.0	147.0	
Mockito-2		101.66666666666667	103.33333333333333	110.0	234.33333333333334	642.0	490.6666666666667	
Mockito-3		640.4	590.6	515.2	1637.0	1516.8	1424.6	
Mockito-4		1798.3333333333333	1810.6666666666667	1810.6666666666667	595.3333333333334	202.33333333333334	1044.6666666666667	
Mockito-5		2914.0	1350.0	1350.0	1299.0	3679.0	1688.0	
Mockito-6		828.4	723.4	631.15	862.85	1374.55	1064.85	
Mockito-7		1650.0	1710.0	1710.0	540.0	1649.0	1441.0	
Mockito-8		55.0	47.5	47.5	104.5	130.0	97.5	
Mockito-9		994.5	932.5	932.5	1148.5	1396.0	1460.5	
Mockito-10		502.8333333333333	463.8333333333333	463.8333333333333	882.1666666666666	1016.6666666666666	669.0	
Mockito-11		133.0	403.0	403.0	193.5	875.5	418.5	
Mockito-12		71.5	71.5	71.5	936.0	1310.0	344.5	
Mockito-13		549.3333333333334	517.0	517.0	702.0	1061.0	677.6666666666666	
Mockito-14		491.0	469.8	469.8	1030.2	1026.8	661.0	
Mockito-15		133.5	133.5	133.5	839.0	862.5	1052.0	
Mockito-16		407.0	389.5	389.5	824.0	447.0	609.5	
Mockito-17		117.0	113.0	113.0	647.2	384.2	754.0	
Mockito-18		9.0	9.0	9.0	768.0	765.0	740.0	
Mockito-20		691.0	1105.5	1129.5	1253.75	551.75	1873.0	
Mockito-21		48.0	47.6	47.6	259.0	375.4	283.0	
Mockito-22		11.0	11.0	11.0	309.0	916.0	361.0	
Mockito-23		149.11111111111111	149.11111111111111	149.11111111111111	1372.7777777777778	979.2222222222222	1099.111111111111	
Mockito-24		1.0	1.0	1.0	1400.0	1049.0	2681.0	
Mockito-25		137.5	138.33333333333334	150.5	571.3333333333334	2041.0	1174.6666666666667	
Mockito-26		113.0	126.0	221.0	200.0	2459.0	1920.0	
Mockito-27		12.5	12.5	12.5	414.5	931.5	625.5	
Mockito-28		270.0	270.0	270.0	1212.0	222.0	374.0	
Mockito-29		1007.0	767.0	767.0	935.0	1429.0	36.0	
Mockito-30		102.5	102.5	102.5	646.0	404.0	455.5	
Mockito-31		162.5	162.5	162.5	613.0	603.5	515.5	
Mockito-32		331.5	331.5	331.5	1054.5	985.5	722.5	
Mockito-33		81.0	81.0	193.0	586.0	419.0	567.0	
Mockito-34		50.0	50.0	61.0	1294.0	1449.0	2008.0	
Mockito-35		24.0	14.0	6.333333333333333	355.6666666666667	807.6666666666666	558.0	
Mockito-36		958.5	896.0	930.5	1642.5	1036.5	1515.0	
Mockito-37		265.0	254.5	254.5	574.5	597.0	447.0	
Mockito-38		811.0	657.0	657.0	1178.0	612.0	192.0	
Time-1		314.4	299.2	299.2	1575.6	2108.2	1955.8	
Time-2		1308.3333333333333	1218.0	1218.0	892.3333333333334	2146.6666666666665	1694.6666666666667	
Time-3		1370.8	1183.4	1178.9	2427.05	3277.9	2712.65	
Time-4		30.0	30.0	30.0	828.0	4224.0	2307.0	
gzip-1		105.5	105.5	105.5	116.0	104.5	573.0	
gzip-2		52.333333333333336	77.33333333333333	77.33333333333333	138.5	381.5	155.66666666666666	
gzip-3		231.0	263.5	263.5	346.75	478.5	529.5	
gzip-4		10.333333333333334	195.33333333333334	195.33333333333334	65.66666666666667	207.0	107.33333333333333	
gzip-1		105.5	105.5	105.5	95.0	165.5	538.0	
gzip-4		10.333333333333334	195.33333333333334	195.33333333333334	140.33333333333334	253.33333333333334	144.33333333333334	
gzip-5		28.0	28.0	28.0	155.0	48.0	366.0	
python-1		448.0967741935484	622.6935483870968	622.6935483870968	914.7258064516129	1098.8387096774193	1011.9677419354839	
python-2		418.25	1144.25	1144.25	4280.125	7638.125	3068.0	
python-3		510.6666666666667	558.6666666666666	558.6666666666666	919.0	927.0	1059.3333333333333	
python-4		1922.0	1935.0	1935.0	912.0	1406.0	594.0	
libtiff-1		402.0	403.0	441.0	776.0	3059.0	3274.0	
libtiff-2		129.0	144.5	144.5	348.5	346.0	544.0	
libtiff-3		30.0	52.2	52.2	88.8	67.4	109.4	
libtiff-4		1465.5722627737227	1710.8919708029198	1711.1956204379562	1662.8613138686133	2028.880291970803	1627.8832116788321	
libtiff-5		723.9673913043479	723.9673913043479	723.9673913043479	960.3260869565217	1276.3152173913043	1060.3695652173913	
libtiff-6		753.0	753.0	753.0	676.0	1718.0	2024.0	
libtiff-7		3767.59375	4024.21875	4024.21875	3917.9791666666665	3132.2604166666665	3848.46875	
Time-5		512.1666666666666	515.8333333333334	543.8333333333334	1223.0	2275.1666666666665	1954.8333333333333	
Time-6		77.0	77.0	79.0	2936.0	3618.0	3821.0	
Time-7		15.0	15.0	16.0	3663.5	141.0	4995.0	
Lang-1		4.0	4.0	4.0	178.66666666666666	269.3333333333333	1437.3333333333333	
Lang-2		17.0	17.0	17.0	86.0	55.0	84.0	
Lang-3		110.5	110.5	110.5	516.25	1465.5	1092.25	
Lang-4		9.0	9.0	9.0	31.5	35.25	36.5	
Lang-5		22.5	22.5	22.5	39.5	16.0	67.0	
Lang-6		98.0	98.0	98.0	778.0	36.0	2767.0	
Lang-7		450.0	179.4	179.4	543.2	429.0	1356.4	
Lang-8		34.0	34.0	34.0	199.0	390.0	473.0	
Lang-9		68.0	68.0	77.0	509.0	514.0	625.0	
Lang-10		73.16666666666667	73.16666666666667	78.83333333333333	348.5	431.1666666666667	573.8333333333334	
Lang-11		4.0	4.0	4.0	5.0	8.0	16.0	
Lang-12		10.75	11.25	11.25	14.75	31.75	13.5	
Lang-13		64.0	57.0	57.0	55.0	21.0	27.0	
Lang-14		4.0	4.0	4.0	119.0	216.0	512.0	
Lang-15		314.25	359.0	346.0	1226.75	1099.75	928.75	
Lang-16		27.0	27.0	27.0	42.0	556.0	407.0	
Lang-17		701.7142857142857	135.42857142857142	135.42857142857142	1198.4285714285713	357.2857142857143	1238.5714285714287	
Lang-18		107.25	107.25	107.25	322.25	391.0	147.75	
Lang-19		28.0	24.5	22.5	21.25	35.5	17.75	
Lang-20		16.5	16.5	16.5	434.0	1062.0	584.5	
Lang-21		2.0	2.0	2.0	67.0	239.0	10.0	
Lang-22		26.0	26.0	34.0	71.0	148.0	63.0	
Lang-23		140.0	133.66666666666666	133.66666666666666	199.66666666666666	207.33333333333334	316.6666666666667	
Lang-24		64.0	64.0	64.0	826.0	1066.0	385.0	
Lang-25		10.0	10.0	10.0	23.0	6.5	13.0	
Lang-26		7.0	7.0	7.0	386.0	366.0	180.0	
Lang-27		129.0	129.0	129.0	313.5	673.5	951.0	
Lang-28		3.5	3.5	3.5	12.0	32.5	3.0	
Lang-29		1.0	1.0	1.0	617.0	496.0	1076.0	
Lang-30		104.94117647058823	86.58823529411765	85.58823529411765	681.0	485.1764705882353	716.3529411764706	
Lang-31		6.333333333333333	6.333333333333333	8.333333333333334	310.3333333333333	34.333333333333336	675.0	
Lang-32		33.0	33.0	33.0	860.0	844.5	1119.5	
Lang-33		7.0	7.0	7.0	408.0	961.0	718.0	
Lang-34		54.0	62.0	146.0	76.5	18.0	103.5	
Lang-35		444.0	470.5	470.5	424.0	670.5	346.0	
Lang-36		106.33333333333333	103.0	99.0	888.6666666666666	561.3333333333334	584.0	
Lang-37		6.5	6.5	6.5	192.5	576.5	692.5	
Lang-38		3.0	3.0	3.0	8.0	58.0	144.0	
Lang-39		27.0	27.0	27.0	983.0	520.0	409.0	
Lang-40		2.0	2.0	2.0	20.0	525.0	195.0	
Lang-41		33.2	33.2	20.4	98.2	16.0	137.4	
Lang-42		15.0	15.0	15.0	240.5	453.0	405.0	
Lang-43		6.0	6.0	6.0	2.0	300.0	205.0	
Lang-44		3.0	3.0	3.0	99.0	98.0	92.0	
Lang-45		8.0	8.0	8.0	247.0	118.0	21.0	
Lang-46		23.666666666666668	13.666666666666666	13.666666666666666	110.88888888888889	109.66666666666667	125.66666666666667	
Lang-47		7.0	7.0	7.0	237.5	450.0	275.5	
Lang-48		23.0	21.333333333333332	21.333333333333332	139.33333333333334	167.33333333333334	219.66666666666666	
Lang-49		1.0	1.0	1.0	10.0	20.0	13.0	
Lang-50		36.6	32.4	26.0	128.4	407.3	103.7	
Lang-51		14.0	14.0	14.0	8.0	34.0	41.0	
Lang-52		62.0	44.0	44.0	98.5	191.5	161.0	
Lang-53		125.0	122.0	122.0	119.25	167.0	147.5	
Lang-54		4.0	4.0	4.0	55.0	19.0	64.0	
Lang-55		7.5	7.5	7.5	15.5	7.5	47.5	
Lang-56		379.5	353.5	353.5	138.5	325.5	50.5	
Lang-57		6.0	6.0	6.0	4.0	17.0	7.0	
Lang-58		20.5	20.5	20.5	462.5	636.5	1253.0	
Lang-59		6.0	6.0	6.0	736.0	858.0	598.0	
Lang-60		297.0	291.0	291.0	414.0	610.5	229.0	
Lang-61		8.0	21.0	21.0	210.0	783.0	202.0	
Lang-62		183.0	183.0	183.0	116.5	153.5	183.25	
Lang-63		37.94736842105263	37.94736842105263	37.94736842105263	191.10526315789474	522.5263157894736	312.7894736842105	
Lang-64		594.5	70.0	70.0	530.5	627.0	517.5	
Lang-65		63.25	61.25	61.25	95.0	117.25	158.75	
Chart-1		35.0	35.0	35.0	1576.0	6298.0	1390.0	
Time-5		512.1666666666666	515.8333333333334	543.8333333333334	1645.6666666666667	3849.5	831.0	
Time-1		314.4	299.2	299.2	2184.2	3066.2	937.6	
Time-1		314.4	299.2	299.2	2104.2	1536.2	1502.2	
Time-4		30.0	30.0	30.0	4745.0	5405.0	2115.0	
Time-5		512.1666666666666	515.8333333333334	543.8333333333334	2231.6666666666665	3004.0	1885.8333333333333	
Time-6		77.0	77.0	79.0	3960.0	1408.5	3538.5	
Time-7		15.0	15.0	16.0	3160.5	2488.5	310.0	
Time-8		275.6666666666667	258.3333333333333	258.3333333333333	2484.6666666666665	1866.0	871.0	
Time-9		22.8	22.8	22.8	1887.4	2471.2	1088.8	
Chart-1		35.0	35.0	35.0	2135.0	7002.0	3429.0	
Chart-1		35.0	35.0	35.0	4929.0	4503.0	5719.0	
Chart-2		228.8	202.6	202.6	723.6	626.3	705.5	
Chart-3		4.0	4.0	4.0	13.0	328.0	20.0	
Chart-5		66.33333333333333	88.0	88.0	148.66666666666666	248.0	32.0	
Chart-5		66.33333333333333	88.0	88.0	34.666666666666664	137.66666666666666	30.0	
Chart-6		57.0	57.0	104.0	345.0	240.0	563.0	
Chart-7		74.5	74.5	74.5	166.5	98.5	239.5	
Chart-8		1.0	1.0	1.0	22.0	97.0	39.0	
Chart-9		14.0	14.0	14.0	14.0	127.0	717.0	
Chart-10		3.0	3.0	3.0	1.0	44.0	2.0	
Chart-11		5.0	5.0	5.0	63.0	12.0	96.0	
Chart-12		8.0	8.0	8.0	165.0	80.0	547.0	
Chart-13		48.0	48.0	48.0	149.0	464.0	59.0	
Chart-14		25.0	16.0	16.0	2983.25	3795.5	3123.0	
Chart-15		3584.3333333333335	2395.3333333333335	2395.3333333333335	6019.333333333333	4643.0	4984.666666666667	
Chart-16		14.0	12.333333333333334	3.6666666666666665	9.333333333333334	63.666666666666664	27.666666666666668	
Chart-17		2.0	2.0	2.0	66.0	777.0	858.0	
Chart-18		10.428571428571429	10.428571428571429	11.285714285714286	31.142857142857142	69.0	157.0	
Chart-19		1.5	1.5	1.5	2337.5	3346.5	1809.5	
Chart-20		5.0	5.0	5.0	218.0	6.0	252.0	
Chart-21		39.75	39.75	39.75	149.5	285.0	272.75	
Chart-22		68.6	56.8	27.2	45.8	113.8	51.2	
Chart-23		4176.0	1546.0	1546.0	370.0	4633.0	3851.0	
Chart-24		3.0	3.0	3.0	2.0	5.0	10.0	
Chart-25		3241.6	3157.1	1671.6	4920.4	10697.6	4366.2	
Lang-1		4.0	4.0	4.0	16.333333333333332	1526.0	929.3333333333334	
Lang-2		17.0	17.0	17.0	24.0	8.0	78.0	
Lang-3		110.5	110.5	110.5	81.75	16.0	559.25	
Lang-4		9.0	9.0	9.0	11.75	23.0	42.5	
Lang-5		22.5	22.5	22.5	12.0	54.5	29.0	
Lang-6		98.0	98.0	98.0	2715.0	1826.0	2791.0	
Lang-7		450.0	179.4	179.4	412.8	1425.4	1006.4	
Lang-8		34.0	34.0	34.0	16.0	384.0	32.0	
Lang-9		68.0	68.0	77.0	587.0	481.0	317.0	
Lang-10		73.16666666666667	73.16666666666667	78.83333333333333	258.6666666666667	12.166666666666666	395.1666666666667	
Lang-10		73.16666666666667	73.16666666666667	78.83333333333333	251.0	241.0	515.0	
Lang-11		4.0	4.0	4.0	4.0	7.0	16.0	
Lang-12		10.75	11.25	11.25	12.0	20.25	17.75	
Lang-13		64.0	57.0	57.0	48.0	12.0	31.0	
Lang-14		4.0	4.0	4.0	586.0	16.0	1137.0	
Lang-15		314.25	359.0	346.0	1650.75	1498.0	189.25	
Lang-16		27.0	27.0	27.0	225.0	927.0	409.0	
Lang-17		701.7142857142857	135.42857142857142	135.42857142857142	1235.857142857143	652.7142857142857	1248.5714285714287	
Lang-18		107.25	107.25	107.25	258.0	371.5	308.75	
Lang-19		28.0	24.5	22.5	26.5	36.5	19.0	
Lang-20		16.5	16.5	16.5	447.5	457.5	325.5	
Time-27		369.0	369.0	369.0	5752.666666666667	1249.6666666666667	4958.333333333333	
Time-1		314.4	299.2	299.2	1621.8	1126.0	2033.4	
Time-1		314.4	299.2	299.2	1160.8	3443.8	1138.8	
Time-2		1308.3333333333333	1218.0	1218.0	2455.6666666666665	3820.3333333333335	3462.3333333333335	
Time-3		1370.8	1183.4	1178.9	1960.05	2549.1	2679.8	
Time-3		1370.8	1183.4	1178.9	1912.15	4063.05	2100.9	
Time-4		30.0	30.0	30.0	5217.0	2173.0	4625.0	
Time-5		512.1666666666666	515.8333333333334	543.8333333333334	1775.8333333333333	3291.6666666666665	1627.3333333333333	
Time-6		77.0	77.0	79.0	3155.0	1917.0	431.5	
Time-7		15.0	15.0	16.0	5860.5	3382.0	1691.0	
Time-8		275.6666666666667	258.3333333333333	258.3333333333333	1362.6666666666667	1635.3333333333333	1797.6666666666667	
Time-9		22.8	22.8	22.8	1754.8	144.2	830.8	
Time-10		1717.0	2342.5	2345.5	3728.0	7157.5	5598.0	
Time-11		413.0	413.0	413.0	809.6666666666666	611.0	1708.0	
Time-12		26.333333333333332	12.5	6.5	1300.0	3237.6666666666665	2582.5	
Time-13		339.0	339.0	339.0	4674.0	4834.0	1373.0	
Time-14		3.0	3.0	3.0	394.0	4332.0	1920.0	
Time-15		2.0	2.0	2.0	9.0	87.0	130.0	
Time-16		7.5	7.5	7.5	4131.5	1634.0	1988.5	
Time-17		3.0	3.0	3.0	1420.2	1519.6	2206.0	
Time-18		1723.0	1432.5	1432.5	1822.0	4315.0	2628.5	
Time-19		174.0	174.0	174.0	5326.0	1767.0	2120.0	
Time-20		2190.0	4934.0	4934.0	4976.0	3176.0	5022.0	
Time-21		353.7142857142857	321.2857142857143	326.14285714285717	1503.7142857142858	265.57142857142856	801.0	
Time-22		16.5	16.5	16.5	2201.0	4584.0	192.0	
Time-23		29.22222222222222	29.22222222222222	29.22222222222222	810.8888888888889	1104.4444444444443	530.5555555555555	
Time-24		2242.0	5172.0	5172.0	3038.0	5038.0	3775.0	
Time-25		195.0	195.0	195.0	4957.0	5409.0	674.0	
Time-26		4501.0	4226.0	4226.0	2990.0	2394.0	4007.0	
Time-27		369.0	369.0	369.0	5628.0	2036.6666666666667	4180.333333333333	
Lang-21		2.0	2.0	2.0	117.0	89.0	272.0	
Math-1		15.5	15.5	10.5	340.0	206.5	1596.0	
Math-2		38.0	38.0	38.0	28.0	875.0	1838.0	
Math-3		3.0	3.0	3.0	38.0	49.0	469.0	
Math-4		5.0	5.0	5.0	64.0	2510.0	370.0	
Math-1		15.5	15.5	10.5	1831.0	2257.5	313.5	
Math-2		38.0	38.0	38.0	222.0	666.0	1578.0	
Math-3		3.0	3.0	3.0	440.0	485.0	275.0	
Math-4		5.0	5.0	5.0	67.5	2319.0	1102.5	
Math-5		1.0	1.0	1.0	172.0	8.0	127.0	
Math-6		2015.3529411764705	1976.5882352941176	1942.3529411764705	4015.235294117647	5712.35294117647	5770.941176470588	
Math-7		1386.4444444444443	682.5555555555555	682.5555555555555	1324.4444444444443	445.6666666666667	1323.7777777777778	
Math-8		3.5	3.5	3.5	11.5	321.0	495.0	
Math-9		1.0	1.0	1.0	7.0	1161.0	275.0	
Math-10		17.0	17.0	17.0	1045.0	2070.0	625.0	
Math-11		31.0	31.0	31.0	94.0	100.0	3.0	
Math-12		301.0	301.0	387.0	2369.0	428.0	2376.0	
Math-13		3235.5	778.0	778.0	3687.5	5774.5	7068.0	
Math-14		1811.3333333333333	655.3333333333334	655.3333333333334	5861.5	2341.5	5993.0	
Math-15		419.5	419.5	419.5	1823.0	2130.0	2722.5	
Math-16		765.6666666666666	709.6666666666666	639.3333333333334	1644.111111111111	1192.6666666666667	1182.7777777777778	
Math-17		82.0	82.0	82.0	671.0	816.0	506.0	
Math-59		2.0	2.0	2.0	1579.0	380.0	4.0	
Math-60		427.25	514.25	514.25	781.375	31.5	1046.0	
Math-61		296.5	296.5	296.5	994.0	775.0	1722.5	
Math-62		328.75	328.75	328.75	909.0	1840.75	808.75	
Math-63		1.0	1.0	1.0	12.0	891.0	1133.0	
Chart-15		3584.3333333333335	2395.3333333333335	2395.3333333333335	6354.0	5760.0	7098.666666666667	
Chart-16		14.0	12.333333333333334	3.6666666666666665	28.666666666666668	29.0	14.0	
Chart-25		3241.6	3157.1	1671.6	4667.5	10282.0	5730.8	
Chart-25		3241.6	3157.1	1671.6	4757.1	10200.9	6371.0	
Lang-1		278.0	1301.0	463.6666666666667	
Lang-2		16.0	2.0	58.0	
