motivation-artificial_bug	12	
Lang-3		1723	1723	1723	1256	879	2	
Lang-6		2758	1098	1098	529	1410	2505	
Lang-10		410	382	382	206	121	586	
Lang-17		6	6	6	672	1012	1145	
Lang-26		455	455	455	226	87	1	
Lang-32		1217	1217	1217	925	239	1	
Lang-33		1331	1331	1331	30	349	1	
Chart-1		35	35	35	307	3707	2865	
Chart-2		92	92	92	110	556	245	
Chart-3		4	4	4	26	519	420	
Chart-1		35	35	35	4471	786	5873	
Chart-1		35	35	35	185	4550	66	
Chart-1		35	35	35	
Chart-1		35	35	35	
Chart-2		92	92	92	
Chart-3		4	4	4	
Chart-4		165	171	682	
Chart-5		6	6	6	
Chart-6		57	57	104	
Chart-7		74	74	74	
Chart-8		1	1	1	
Chart-9		14	14	14	
Chart-10		3	3	3	
Chart-11		5	5	5	
Chart-12		8	8	8	
Chart-5		6	6	6	
Chart-6		57	57	104	
Chart-7		74	74	74	
Chart-8		1	1	1	
Chart-9		14	14	14	
Chart-10		3	3	3	
Chart-11		5	5	5	
Chart-12		8	8	8	
Chart-13		48	48	48	
Chart-14		15	6	6	
Chart-15		34	34	34	
Chart-16		1	1	2	
Chart-17		2	2	2	
Chart-18		3	3	4	
Chart-19		1	1	1	
Chart-20		5	5	5	
Chart-21		9	9	9	
Chart-22		47	8	11	
Chart-23		4176	1546	1546	
Chart-24		3	3	3	
Mockito-1		2	2	2	
Mockito-2		3	3	8	
Mockito-3		1	1	8	
Mockito-4		1789	1629	1629	
Mockito-1		2	2	2	1	1598	832	
Mockito-2		3	3	8	351	708	39	
Mockito-3		1	1	8	7	3028	420	
Lang-1		3	3	3	6	873	368	
Lang-2		17	17	17	81	4	59	
Lang-3		12	12	12	759	876	1142	
Lang-4		2	2	2	4	27	7	
Lang-5		6	6	6	1	38	24	
Lang-1		3	3	3	15	993	747	
Lang-1		3	3	3	227	1457	1456	
Lang-2		17	17	17	74	5	13	
Lang-3		12	12	12	6	1110	504	
Lang-4		2	2	2	5	26	20	
Lang-5		6	6	6	4	9	33	
Lang-6		98	98	98	2673	2516	2786	
Lang-7		121	121	121	39	749	288	
Lang-8		34	34	34	46	322	530	
Lang-9		68	68	77	467	371	673	
Lang-10		67	67	68	15	280	466	
Lang-11		4	4	4	6	52	39	
Lang-12		4	5	5	3	8	3	
Lang-13		64	57	57	55	44	68	
Lang-14		4	4	4	521	320	923	
Lang-15		12	191	217	206	1059	236	
Lang-16		27	27	27	284	269	1681	
Lang-17		104	104	104	1095	507	1241	
Lang-18		41	41	41	48	26	148	
Lang-19		8	8	8	4	20	4	
Lang-20		8	8	8	230	1100	703	
Lang-21		2	2	2	3	14	136	
Lang-21		2	2	2	1	309	55	
Lang-22		26	26	34	127	176	13	
Lang-23		64	64	64	170	22	124	
Lang-24		64	64	64	390	746	247	
Lang-25		2	2	2	17	8	10	
Lang-26		7	7	7	208	119	216	
Lang-27		127	127	127	148	1308	400	
Lang-28		3	3	3	8	24	2	
Lang-29		1	1	1	361	80	869	
Lang-30		3	3	5	1	1037	98	
Lang-31		4	4	6	135	744	427	
Lang-32		5	5	5	52	3	1163	
Lang-33		7	7	7	1153	1292	382	
Lang-34		53	61	145	77	856	59	
Lang-35		2	2	2	125	239	70	
Lang-36		42	42	93	76	425	552	
Lang-37		6	6	6	498	833	160	
Lang-38		3	3	3	189	180	90	
Lang-39		27	27	27	352	347	687	
Lang-40		2	2	2	910	753	482	
Lang-41		6	6	6	6	97	19	
Lang-42		13	13	13	7	543	287	
Lang-43		6	6	6	10	265	22	
Lang-44		3	3	3	42	185	167	
Lang-45		8	8	8	363	273	59	
Lang-46		1	1	1	5	47	16	
Lang-47		5	5	5	355	204	377	
Lang-48		2	2	2	143	18	189	
Lang-49		1	1	1	1	25	40	
Lang-50		15	8	2	3	134	7	
Lang-51		14	14	14	20	20	114	
Lang-52		26	26	26	70	26	95	
Lang-53		123	120	120	114	83	111	
Lang-54		4	4	4	28	11	39	
Lang-55		7	7	7	8	8	25	
Lang-56		298	199	199	34	22	80	
Lang-57		6	6	6	2	56	6	
Lang-58		20	20	20	267	1118	310	
Lang-59		6	6	6	28	838	311	
Lang-60		2	2	2	9	54	528	
Lang-61		8	21	21	193	648	452	
Lang-62		157	157	157	3	34	14	
Lang-63		1	1	1	1	253	4	
Lang-64		1	1	1	43	948	196	
Lang-65		7	7	7	5	12	67	
Chart-1		35	35	35	842	2923	4586	
Chart-1		35	35	35	2319	1416	5474	
Chart-2		92	92	92	38	689	185	
Chart-3		4	4	4	58	216	29	
Chart-5		6	6	6	134	35	67	
Chart-6		57	57	104	637	314	575	
Chart-7		74	74	74	357	422	356	
Chart-8		1	1	1	23	14	139	
Chart-9		14	14	14	7	158	85	
Chart-10		3	3	3	3	6	1	
Chart-11		5	5	5	123	173	124	
Chart-12		8	8	8	1489	79	217	
Chart-13		48	48	48	476	179	373	
Chart-14		15	6	6	1836	2716	796	
Chart-16		1	1	2	1	54	1	
Chart-17		2	2	2	213	613	729	
Chart-18		3	3	4	10	216	33	
Chart-19		1	1	1	2309	1822	116	
Chart-20		5	5	5	86	6	194	
Chart-21		9	9	9	127	61	11	
Chart-22		47	8	11	3	125	30	
Chart-23		4176	1546	1546	3763	1196	4306	
Chart-24		3	3	3	4	8	2	
Math-1		12	12	7	481	144	933	
Math-1		12	12	7	1037	2092	1630	
Math-1		12	12	7	3	1299	391	
Math-1		12	12	7	147	71	1166	
Math-2		38	38	38	189	1668	1323	
Math-3		3	3	3	134	202	92	
Math-4		3	3	3	47	2584	701	
Math-5		1	1	1	2	123	62	
Math-5		1	1	1	49	131	131	
Math-4		3	3	3	79	913	1639	
Math-5		1	1	1	110	17	153	
Math-6		66	172	233	394	3982	164	
Math-7		43	43	43	7	2096	140	
Math-8		3	3	3	3	592	128	
Math-9		1	1	1	704	1773	1073	
Math-10		17	17	17	197	1476	538	
Math-11		31	31	31	112	122	172	
Math-12		301	301	387	2303	762	2283	
Math-13		182	182	182	5149	4759	7208	
Math-14		92	92	92	1287	4002	5272	
Math-17		82	82	82	729	635	609	
Math-18		645	645	645	5771	1329	3801	
Math-19		58	58	58	362	2765	1303	
Math-20		423	423	423	3223	4999	6630	
Math-21		42	42	47	3	3289	16	
Math-22		1	1	1	347	577	440	
Math-23		148	148	148	328	697	1962	
Math-24		150	150	150	2105	13	2034	
Math-22		1	1	1	562	346	1726	
Math-23		148	148	148	485	624	2079	
Math-24		150	150	150	2050	2000	2243	
Math-25		100	99	99	539	18	548	
Math-26		38	38	38	1316	1276	1068	
Math-27		1	1	1	1	1769	1826	
Math-28		13	13	13	11	2005	2650	
Math-29		6	6	6	57	2401	21	
Math-30		28	28	28	195	746	2430	
Math-31		103	103	194	513	1828	714	
Math-32		2	2	2	192	2200	795	
Math-33		26	26	26	1945	5359	5363	
Math-34		3	3	3	27	175	103	
Math-35		9	9	8	204	41	454	
Math-36		1	1	1	92	608	88	
Math-37		12	5	3	295	1000	343	
Math-38		8	8	8	2	475	50	
Math-39		117	117	117	1400	1482	1775	
Math-40		34	34	34	403	537	1379	
Math-41		35	35	35	479	343	129	
Math-42		71	71	71	2111	5481	5392	
Math-43		52	59	85	238	1723	46	
Math-44		14	14	14	2017	2130	941	
Math-45		2	2	2	675	315	323	
Math-46		1	1	2	624	1912	511	
Math-47		2	2	4	199	1359	1580	
Math-48		355	355	355	1149	1095	531	
Math-49		7	7	7	143	932	232	
Math-50		1	1	1	1298	1509	17	
Math-51		33	33	33	1569	778	1748	
Math-52		22	22	22	79	2910	26	
Math-53		2	2	2	293	26	127	
Math-54		12	12	12	1340	1295	1102	
Math-55		1	1	1	57	1604	475	
Math-56		20	20	20	5	1430	2	
Math-57		4	4	4	4	1605	290	
Math-58		504	504	504	841	2675	2786	
Math-60		36	36	36	351	1816	135	
Math-61		8	8	8	28	1434	12	
Math-62		325	325	325	93	133	44	
Math-63		1	1	1	56	1402	1236	
Math-64		37	37	37	97	141	56	
Math-65		4	4	4	850	1104	2450	
Math-65		4	4	4	23	2714	3027	
Math-66		15	59	504	565	88	927	
Math-67		11	11	11	129	277	229	
Math-68		128	128	129	73	119	82	
Math-69		12	12	12	206	2526	736	
Math-70		1	1	1	2	105	3	
Math-71		1	1	1	336	26	310	
Math-72		1	1	1	32	161	10	
Math-73		2	2	2	77	281	265	
Math-74		786	786	786	361	1870	4046	
Math-75		1	1	1	11	53	5	
Math-76		69	69	70	237	633	492	
Math-77		13	13	13	10	2640	1517	
Math-78		81	81	81	148	16	338	
Math-79		30	30	30	7	150	331	
Math-80		14	14	14	287	258	3505	
Math-81		10	10	10	236	997	615	
Math-82		217	217	217	1110	1584	1901	
Math-83		34	34	34	1305	773	1255	
Math-84		28	39	53	26	1	16	
Math-85		91	91	91	179	418	309	
Math-86		57	57	61	565	812	160	
Math-87		117	117	117	1705	694	921	
Math-88		1	1	1	67	653	51	
Math-89		1	1	1	2	1	11	
Math-90		3	3	3	8	51	14	
Math-90		3	3	3	11	90	44	
Math-91		1	1	1	29	382	96	
Math-92		2	2	2	13	110	49	
Math-93		2	2	2	2	26	13	
Math-94		6	6	6	153	171	126	
Math-95		9	9	9	34	209	218	
Math-95		9	9	9	118	101	294	
Math-96		5	5	5	75	75	68	
Math-97		1	1	1	61	183	105	
Math-98		4	4	4	178	98	202	
Math-99		4	4	4	12	33	247	
Math-100		9	9	9	109	120	148	
Math-101		12	12	12	13	96	4	
Math-102		3	3	5	2	565	2	
Math-103		32	32	32	36	81	208	
Math-104		61	61	61	166	145	154	
Math-105		25	25	25	7	16	50	
Math-106		4	4	4	3	31	21	
Lang-21		2	2	2	127	112	139	
Lang-22		26	26	34	19	194	147	
Mockito-2		3	3	8	29	621	34	
Mockito-3		1	1	8	671	1500	575	
Mockito-4		1789	1629	1629	196	193	529	
Mockito-5		2914	1350	1350	1299	3679	1688	
Mockito-6		2	1	1	76	851	80	
Mockito-7		1650	1710	1710	540	1649	1441	
Mockito-8		31	31	31	50	117	83	
Mockito-9		534	534	534	256	1058	709	
Mockito-10		11	11	11	181	432	54	
Mockito-11		1	1	1	146	845	306	
Mockito-12		2	2	2	431	1170	27	
Mockito-13		86	86	86	547	878	49	
Mockito-14		94	94	94	569	814	65	
Mockito-15		132	132	132	639	694	969	
Mockito-16		7	7	7	172	169	151	
Mockito-17		4	4	4	243	92	308	
Mockito-18		9	9	9	768	765	740	
Mockito-20		68	68	116	342	68	1120	
Mockito-21		1	1	1	159	5	76	
Mockito-22		11	11	11	309	916	361	
Mockito-23		11	11	11	718	471	70	
Mockito-24		1	1	1	1400	1049	2681	
Mockito-25		61	62	73	6	695	367	
Mockito-26		113	126	221	200	2459	1920	
Mockito-27		12	12	12	256	914	96	
Mockito-28		270	270	270	1212	222	374	
Mockito-29		1007	767	767	935	1429	36	
Mockito-30		3	3	3	591	86	382	
Mockito-31		162	162	162	499	516	413	
Mockito-32		2	2	2	577	584	690	
Mockito-33		81	81	193	586	419	567	
Mockito-34		50	50	61	1294	1449	2008	
Mockito-35		1	1	4	61	796	336	
Mockito-36		29	29	98	1578	803	1262	
Mockito-37		3	3	3	274	211	80	
Mockito-38		811	657	657	1178	612	192	
Time-1		3	3	3	618	2006	680	
Time-2		3	3	3	301	319	72	
Time-3		1	1	1	330	596	347	
Time-4		30	30	30	828	4224	2307	
gzip-1		105	105	105	52	104	564	
gzip-2		5	5	5	3	258	23	
gzip-3		188	188	188	246	472	461	
gzip-4		8	193	193	23	202	20	
gzip-1		105	105	105	54	165	485	
gzip-4		8	193	193	94	210	34	
gzip-5		28	28	28	155	48	366	
python-1		69	48	48	44	132	75	
python-2		179	905	905	1218	7090	337	
python-3		505	553	553	653	905	861	
python-4		1922	1935	1935	912	1406	594	
libtiff-1		402	403	441	776	3059	3274	
libtiff-2		6	6	6	16	201	475	
libtiff-3		1	1	1	32	1	1	
libtiff-4		3	3	3	4	343	1	
libtiff-5		1	1	1	50	680	17	
libtiff-6		753	753	753	676	1718	2024	
libtiff-7		81	81	81	381	169	120	
Time-5		2	26	68	40	2200	502	
Time-6		20	20	20	2538	2967	2844	
Time-7		14	14	15	1837	140	4399	
Lang-1		3	3	3	20	268	1333	
Lang-2		17	17	17	86	55	84	
Lang-3		12	12	12	207	1457	857	
Lang-4		2	2	2	6	12	27	
Lang-5		6	6	6	3	1	56	
Lang-6		98	98	98	778	36	2767	
Lang-7		121	121	121	4	415	1055	
Lang-8		34	34	34	199	390	473	
Lang-9		68	68	77	509	514	625	
Lang-10		67	67	68	18	424	256	
Lang-11		4	4	4	5	8	16	
Lang-12		4	5	5	5	12	10	
Lang-13		64	57	57	55	21	27	
Lang-14		4	4	4	119	216	512	
Lang-15		12	191	217	544	931	380	
Lang-16		27	27	27	42	556	407	
Lang-17		104	104	104	1040	197	1221	
Lang-18		41	41	41	274	384	23	
Lang-19		8	8	8	4	15	4	
Lang-20		8	8	8	83	1055	460	
Lang-21		2	2	2	67	239	10	
Lang-22		26	26	34	71	148	63	
Lang-23		64	64	64	84	90	218	
Lang-24		64	64	64	826	1066	385	
Lang-25		2	2	2	20	2	6	
Lang-26		7	7	7	386	366	180	
Lang-27		127	127	127	56	665	639	
Lang-28		3	3	3	7	15	2	
Lang-29		1	1	1	617	496	1076	
Lang-30		3	3	5	7	224	28	
Lang-31		4	4	6	133	32	71	
Lang-32		5	5	5	485	613	1019	
Lang-33		7	7	7	408	961	718	
Lang-34		53	61	145	52	17	59	
Lang-35		2	2	2	390	569	78	
Lang-36		42	42	93	102	448	454	
Lang-37		6	6	6	170	568	680	
Lang-38		3	3	3	8	58	144	
Lang-39		27	27	27	983	520	409	
Lang-40		2	2	2	20	525	195	
Lang-41		6	6	6	11	9	41	
Lang-42		13	13	13	129	452	350	
Lang-43		6	6	6	2	300	205	
Lang-44		3	3	3	99	98	92	
Lang-45		8	8	8	247	118	21	
Lang-46		1	1	1	18	9	26	
Lang-47		5	5	5	150	353	180	
Lang-48		2	2	2	109	165	215	
Lang-49		1	1	1	10	20	13	
Lang-50		15	8	2	2	232	9	
Lang-51		14	14	14	8	34	41	
Lang-52		26	26	26	51	191	114	
Lang-53		123	120	120	54	120	123	
Lang-54		4	4	4	55	19	64	
Lang-55		7	7	7	15	7	42	
Lang-56		298	199	199	14	317	49	
Lang-57		6	6	6	4	17	7	
Lang-58		20	20	20	215	619	1194	
Lang-59		6	6	6	736	858	598	
Lang-60		2	2	2	242	492	115	
Lang-61		8	21	21	210	783	202	
Lang-62		157	157	157	45	135	108	
Lang-63		1	1	1	1	397	6	
Lang-64		1	1	1	489	622	219	
Lang-65		7	7	7	34	61	101	
Chart-1		35	35	35	1576	6298	1390	
Time-5		2	26	68	78	3809	65	
Time-1		3	3	3	1729	1835	318	
Time-1		3	3	3	615	141	94	
Time-4		30	30	30	4745	5405	2115	
Time-5		2	26	68	457	2950	1089	
Time-6		20	20	20	3749	1002	3033	
Time-7		14	14	15	1179	2452	83	
Time-8		27	27	27	1249	1824	217	
Time-9		3	3	3	1072	2451	82	
Chart-1		35	35	35	2135	7002	3429	
Chart-1		35	35	35	4929	4503	5719	
Chart-2		92	92	92	46	67	36	
Chart-3		4	4	4	13	328	20	
Chart-5		6	6	6	72	180	18	
Chart-5		6	6	6	7	71	24	
Chart-6		57	57	104	345	240	563	
Chart-7		74	74	74	118	98	82	
Chart-8		1	1	1	22	97	39	
Chart-9		14	14	14	14	127	717	
Chart-10		3	3	3	1	44	2	
Chart-11		5	5	5	63	12	96	
Chart-12		8	8	8	165	80	547	
Chart-13		48	48	48	149	464	59	
Chart-14		15	6	6	677	1261	300	
Chart-15		34	34	34	3132	688	273	
Chart-16		1	1	2	2	17	16	
Chart-17		2	2	2	66	777	858	
Chart-18		3	3	4	9	52	52	
Chart-19		1	1	1	424	3343	1038	
Chart-20		5	5	5	218	6	252	
Chart-21		9	9	9	11	109	65	
Chart-22		47	8	11	2	2	15	
Chart-23		4176	1546	1546	370	4633	3851	
Chart-24		3	3	3	2	5	10	
Chart-25		3133	2964	163	11	10562	820	
Lang-1		3	3	3	1	1503	639	
Lang-2		17	17	17	24	8	78	
Lang-3		12	12	12	17	12	163	
Lang-4		2	2	2	1	7	17	
Lang-5		6	6	6	6	33	4	
Lang-6		98	98	98	2715	1826	2791	
Lang-7		121	121	121	44	996	291	
Lang-8		34	34	34	16	384	32	
Lang-9		68	68	77	587	481	317	
Lang-10		67	67	68	11	8	231	
Lang-11		4	4	4	4	7	16	
Lang-12		4	5	5	3	9	3	
Lang-13		64	57	57	48	12	31	
Lang-14		4	4	4	586	16	1137	
Lang-15		12	191	217	151	896	33	
Lang-16		27	27	27	225	927	409	
Lang-17		104	104	104	1165	359	1240	
Lang-18		41	41	41	27	368	124	
Lang-19		8	8	8	8	13	2	
Lang-20		8	8	8	61	446	67	
Time-27		346	346	346	5451	1248	4430	
Time-1		3	3	3	323	538	173	
Time-1		3	3	3	420	3327	467	
Time-2		3	3	3	1079	2241	1735	
Time-3		1	1	1	243	761	187	
Time-3		1	1	1	44	2786	33	
Time-4		30	30	30	5217	2173	4625	
Time-5		2	26	68	500	3262	457	
Time-6		20	20	20	2703	1430	101	
Time-7		14	14	15	5660	3321	217	
Time-8		27	27	27	1107	1621	1348	
Time-9		3	3	3	424	139	417	
Time-10		191	194	200	3014	7091	5127	
Time-11		412	412	412	602	610	124	
Time-12		20	3	2	181	2127	431	
Time-13		339	339	339	4674	4834	1373	
Time-14		3	3	3	394	4332	1920	
Time-15		2	2	2	9	87	130	
Time-16		7	7	7	3964	1619	1938	
Time-17		1	1	1	370	1491	1745	
Time-18		3	3	3	1797	4308	2195	
Time-19		174	174	174	5326	1767	2120	
Time-20		2190	4934	4934	4976	3176	5022	
Time-21		3	3	4	241	260	48	
Time-22		16	16	16	423	4568	125	
Time-23		15	15	15	271	898	140	
Time-24		2242	5172	5172	3038	5038	3775	
Time-25		195	195	195	4957	5409	674	
Time-26		4501	4226	4226	2990	2394	4007	
Time-27		346	346	346	5591	2023	3483	
Lang-21		2	2	2	117	89	272	
Math-1		12	12	7	149	70	946	
Math-2		38	38	38	28	875	1838	
Math-3		3	3	3	38	49	469	
Math-4		3	3	3	3	2451	356	
Math-1		12	12	7	1548	2054	243	
Math-2		38	38	38	222	666	1578	
Math-3		3	3	3	440	485	275	
Math-4		3	3	3	55	1934	486	
Math-5		1	1	1	172	8	127	
Math-6		66	172	233	322	2835	215	
Math-7		43	43	43	58	436	358	
Math-8		3	3	3	1	308	206	
Math-9		1	1	1	7	1161	275	
Math-10		17	17	17	1045	2070	625	
Math-11		31	31	31	94	100	3	
Math-12		301	301	387	2369	428	2376	
Math-13		182	182	182	58	5766	6665	
Math-14		92	92	92	3178	2241	5140	
Math-15		43	43	43	793	2006	2590	
Math-16		2	2	1	83	1142	518	
Math-17		82	82	82	671	816	506	
Math-59		2	2	2	1579	380	4	
Math-60		36	36	36	33	28	297	
Math-61		8	8	8	5	772	1589	
Math-62		325	325	325	347	1814	168	
Math-63		1	1	1	12	891	1133	
Chart-15		34	34	34	2350	3438	1099	
Chart-16		1	1	2	5	6	1	
Chart-25		3133	2964	163	82	10160	3047	
Chart-25		3133	2964	163	57	10140	547	
Lang-1		11	1286	15	
Lang-2		16	2	58	
