Lang-3		1723.0	1723.0	1723.0	1118.0	1693.0	1.0	
Lang-6		2758.0	1098.0	1098.0	1747.0	1566.0	2593.0	
Lang-10		410.0	382.0	382.0	596.0	368.0	384.0	
Lang-17		6.0	6.0	6.0	8.0	678.0	1109.0	
Lang-26		455.0	455.0	455.0	211.0	424.0	304.0	
Lang-32		1217.0	1217.0	1217.0	1020.0	801.0	1.0	
Lang-33		1331.0	1331.0	1331.0	493.0	632.0	3.0	
==================================================================
Chart-1		35.0	35.0	35.0	10.0	4158.0	31.0	
Chart-2		255.5	229.6	202.6	699.4	685.3	205.8	
Chart-3		4.0	4.0	4.0	15.0	127.0	7.0	
Chart-1		35.0	35.0	35.0	
Chart-1		35.0	35.0	35.0	
Chart-2		255.5	229.6	202.6	
Chart-3		4.0	4.0	4.0	
Chart-4		4677.333333333333	6432.666666666667	6635.666666666667	
Chart-5		66.33333333333333	88.0	88.0	
Chart-6		16.0	16.0	104.0	
Chart-7		74.5	74.5	74.5	
Chart-8		1.0	1.0	1.0	
Chart-9		14.0	14.0	14.0	
Chart-10		3.0	3.0	3.0	
Chart-11		5.0	5.0	5.0	
Chart-12		8.0	8.0	8.0	
Chart-5		66.33333333333333	88.0	88.0	
Chart-6		16.0	16.0	104.0	
Chart-7		74.5	74.5	74.5	
Chart-8		1.0	1.0	1.0	
Chart-9		14.0	14.0	14.0	
Chart-10		3.0	3.0	3.0	
Chart-11		5.0	5.0	5.0	
Chart-12		8.0	8.0	8.0	
Chart-13		48.0	48.0	48.0	
Chart-14		493.75	490.5	16.0	
Chart-15		3584.3333333333335	2395.3333333333335	2395.3333333333335	
Chart-16		14.0	13.0	3.6666666666666665	
Chart-17		2.0	2.0	2.0	
Chart-18		24.142857142857142	20.714285714285715	11.285714285714286	
Chart-19		698.5	698.5	1.5	
Chart-20		5.0	5.0	5.0	
Chart-21		39.75	39.75	39.75	
Chart-22		72.4	68.8	27.2	
Chart-23		4176.0	1546.0	1546.0	
Chart-24		3.0	3.0	3.0	
Mockito-1		2.0	2.0	2.0	
Mockito-2		101.66666666666667	101.66666666666667	110.0	
Mockito-3		633.2	584.8	515.4	
Mockito-4		1798.3333333333333	1810.6666666666667	1810.6666666666667	
Mockito-1		2.0	2.0	2.0	2.0	869.0	8.0	
Mockito-2		101.66666666666667	101.66666666666667	110.0	472.3333333333333	727.6666666666666	835.3333333333334	
Mockito-3		633.2	584.8	515.4	798.4	2781.4	126.2	
Lang-1		4.0	4.0	4.0	4.666666666666667	588.3333333333334	12.0	
Lang-2		17.0	17.0	17.0	52.0	89.0	13.0	
Lang-3		110.5	110.5	110.5	1096.25	16.0	444.0	
Lang-4		9.0	9.0	9.0	20.0	15.5	9.75	
Lang-5		22.5	22.5	22.5	42.0	55.5	30.5	
Lang-1		4.0	4.0	4.0	4.666666666666667	554.0	11.333333333333334	
Lang-1		4.0	4.0	4.0	3.0	1012.6666666666666	14.333333333333334	
Lang-2		17.0	17.0	17.0	53.0	40.0	36.0	
Lang-3		110.5	110.5	110.5	1269.0	1016.0	91.75	
Lang-4		9.0	9.0	9.0	12.5	15.75	12.75	
Lang-5		22.5	22.5	22.5	6.0	28.5	42.0	
Lang-6		98.0	98.0	98.0	2496.0	2755.0	2793.0	
Lang-7		450.0	179.4	179.4	804.0	795.4	125.4	
Lang-8		34.0	34.0	34.0	81.0	94.0	162.0	
Lang-9		61.0	61.0	77.0	432.0	439.0	508.0	
Lang-10		65.66666666666667	65.66666666666667	78.83333333333333	114.33333333333333	282.8333333333333	194.83333333333334	
Lang-11		4.0	4.0	4.0	2.0	41.0	18.0	
Lang-12		10.75	11.25	12.75	14.75	19.5	25.25	
Lang-13		64.0	57.0	57.0	30.0	26.0	70.0	
Lang-14		4.0	4.0	4.0	3.0	1304.0	6.0	
Lang-15		314.25	314.25	346.0	1647.75	1346.0	1019.5	
Lang-16		27.0	27.0	27.0	278.0	860.0	54.0	
Lang-17		701.7142857142857	135.42857142857142	135.42857142857142	1191.5714285714287	419.42857142857144	1248.5714285714287	
Lang-18		107.25	107.25	107.25	263.75	98.5	105.25	
Lang-19		28.5	28.0	22.5	25.5	26.25	14.0	
Lang-20		35.5	35.5	16.5	12.5	74.5	10.0	
Lang-21		2.0	2.0	2.0	1.0	274.0	1.0	
Lang-21		2.0	2.0	2.0	1.0	113.0	1.0	
Lang-22		14.0	14.0	32.0	13.0	69.0	10.0	
Lang-23		140.0	133.66666666666666	133.66666666666666	293.3333333333333	118.66666666666667	224.66666666666666	
Lang-24		64.0	64.0	64.0	12.0	1067.0	59.0	
Lang-25		10.0	10.0	10.0	19.0	15.0	8.5	
Lang-26		7.0	7.0	7.0	12.0	299.0	77.0	
Lang-27		129.0	129.0	129.0	590.5	939.0	142.0	
Lang-28		3.5	3.5	3.5	4.0	25.5	9.5	
Lang-29		1.0	1.0	1.0	1.0	493.0	11.0	
Lang-30		114.3529411764706	100.94117647058823	84.41176470588235	174.11764705882354	1576.5294117647059	34.05882352941177	
Lang-31		6.333333333333333	6.333333333333333	8.333333333333334	4.0	2005.6666666666667	10.333333333333334	
Lang-32		33.0	33.0	33.0	743.75	59.0	348.0	
Lang-33		7.0	7.0	7.0	1.0	638.0	9.0	
Lang-34		53.0	54.0	140.0	49.5	573.5	137.5	
Lang-35		444.0	470.5	470.5	206.5	493.0	18.0	
Lang-36		118.33333333333333	118.33333333333333	99.0	1144.3333333333333	229.0	78.66666666666667	
Lang-37		6.5	6.5	6.5	3.0	546.0	4.0	
Lang-38		3.0	3.0	3.0	2.0	115.0	15.0	
Lang-39		27.0	27.0	27.0	290.0	625.0	27.0	
Lang-40		2.0	2.0	2.0	2.0	957.0	7.0	
Lang-41		46.0	46.0	20.4	35.0	176.0	55.2	
Lang-42		15.0	15.0	15.0	27.5	315.5	14.5	
Lang-43		6.0	6.0	6.0	1.0	147.0	5.0	
Lang-44		3.0	3.0	3.0	26.0	129.0	36.0	
Lang-45		8.0	8.0	8.0	23.0	124.0	19.0	
Lang-46		23.666666666666668	13.666666666666666	13.666666666666666	33.888888888888886	141.0	40.888888888888886	
Lang-47		37.0	37.0	7.0	7.5	465.0	7.5	
Lang-48		23.0	21.333333333333332	21.333333333333332	75.66666666666667	130.0	31.0	
Lang-49		1.0	1.0	1.0	2.0	209.0	3.0	
Lang-50		147.0	137.2	24.4	75.4	403.1	50.8	
Lang-51		14.0	14.0	14.0	8.0	46.0	14.0	
Lang-52		62.0	44.0	44.0	91.0	177.0	117.0	
Lang-53		125.0	122.0	122.0	179.0	119.75	154.5	
Lang-54		4.0	4.0	4.0	3.0	60.0	4.0	
Lang-55		7.5	7.5	7.5	11.5	26.0	13.5	
Lang-56		379.5	353.5	353.5	85.0	215.0	307.5	
Lang-57		6.0	6.0	6.0	1.0	59.0	10.0	
Lang-58		20.5	20.5	20.5	10.0	295.5	8.5	
Lang-59		6.0	6.0	6.0	5.0	248.0	6.0	
Lang-60		297.0	291.0	291.0	453.0	389.5	313.5	
Lang-61		8.0	8.0	21.0	12.0	460.0	3.0	
Lang-62		183.0	183.0	183.0	231.5	283.25	87.5	
Lang-63		37.94736842105263	37.94736842105263	37.94736842105263	116.42105263157895	464.89473684210526	71.05263157894737	
Lang-64		594.5	70.0	70.0	345.0	1159.5	13.0	
Lang-65		63.25	61.25	61.25	46.25	95.5	55.75	
Chart-1		35.0	35.0	35.0	4.0	6697.0	10.0	
Chart-2		255.5	229.6	202.6	793.8	1151.7	240.8	
Chart-3		4.0	4.0	4.0	4.0	204.0	4.0	
Chart-5		66.33333333333333	88.0	88.0	37.0	161.33333333333334	11.0	
Chart-6		16.0	16.0	104.0	9.0	533.0	76.0	
Chart-7		74.5	74.5	74.5	152.0	138.5	211.0	
Chart-8		1.0	1.0	1.0	14.0	173.0	18.0	
Chart-9		14.0	14.0	14.0	6.0	876.0	5.0	
Chart-10		3.0	3.0	3.0	2.0	31.0	3.0	
Chart-11		5.0	5.0	5.0	1.0	147.0	13.0	
Chart-12		8.0	8.0	8.0	45.0	2612.0	16.0	
Chart-13		48.0	48.0	48.0	32.0	260.0	10.0	
Chart-14		493.75	490.5	16.0	25.0	3315.25	607.75	
Chart-16		14.0	13.0	3.6666666666666665	12.333333333333334	93.66666666666667	62.666666666666664	
Chart-17		2.0	2.0	2.0	2.0	840.0	12.0	
Chart-18		24.142857142857142	20.714285714285715	11.285714285714286	19.142857142857142	164.28571428571428	11.285714285714286	
Chart-19		698.5	698.5	1.5	6.0	3276.0	162.5	
Chart-20		5.0	5.0	5.0	88.0	352.0	20.0	
Chart-21		39.75	39.75	39.75	124.5	218.75	45.5	
Chart-22		72.4	68.8	27.2	52.4	118.0	55.2	
Chart-23		4176.0	1546.0	1546.0	4514.0	1888.0	4603.0	
Chart-24		3.0	3.0	3.0	3.0	13.0	2.0	
Math-1		360.5	360.5	10.5	30.0	1236.0	63.0	
Math-1		360.5	360.5	10.5	26.5	2077.5	43.0	
Math-1		360.5	360.5	10.5	29.0	489.0	44.5	
Math-1		360.5	360.5	10.5	19.5	1637.5	46.0	
Math-2		38.0	38.0	38.0	305.0	7.0	55.0	
Math-3		3.0	3.0	3.0	9.0	101.0	24.0	
Math-4		64.0	64.0	5.0	21.5	1411.5	850.0	
Math-5		1.0	1.0	1.0	1.0	159.0	4.0	
Math-5		1.0	1.0	1.0	1.0	205.0	11.0	
Math-4		64.0	64.0	5.0	286.5	1524.5	1486.0	
Math-5		1.0	1.0	1.0	1.0	162.0	10.0	
Math-6		1913.2941176470588	1983.3529411764705	1942.3529411764705	4026.3529411764707	7175.411764705882	4100.64705882353	
Math-7		1386.4444444444443	682.5555555555555	682.5555555555555	1305.888888888889	532.2222222222222	649.3333333333334	
Math-8		3.5	3.5	3.5	3.0	269.5	19.5	
Math-9		1.0	1.0	1.0	4.0	968.0	2.0	
Math-10		17.0	17.0	17.0	30.0	493.0	196.0	
Math-11		31.0	31.0	31.0	31.0	274.0	106.0	
Math-12		226.0	226.0	387.0	2374.0	128.0	2341.0	
Math-13		3235.5	778.0	778.0	3775.0	6058.5	1887.0	
Math-14		1811.3333333333333	655.3333333333334	655.3333333333334	5357.0	5801.666666666667	4658.5	
Math-17		82.0	82.0	82.0	38.0	370.0	107.0	
Math-18		645.5	645.5	645.5	6044.0	1872.5	1204.0	
Math-19		450.5	421.5	421.5	1072.5	896.5	1023.5	
Math-20		423.0	423.0	423.0	5580.0	7126.0	4929.0	
Math-21		54.36363636363637	54.36363636363637	59.36363636363637	47.81818181818182	4516.636363636364	36.90909090909091	
Math-22		55.0	53.5	1.5	4.0	1224.0	71.0	
Math-23		550.8333333333334	223.66666666666666	223.66666666666666	2050.3333333333335	1383.5	2019.6666666666667	
Math-22		55.0	53.5	1.5	3.5	663.0	36.5	
Math-23		550.8333333333334	223.66666666666666	223.66666666666666	1329.3333333333333	1948.8333333333333	1936.3333333333333	
Math-24		237.0	235.0	235.0	1300.0	183.5	1558.0	
Math-25		100.0	99.0	99.0	545.0	403.0	545.0	
Math-26		43.0	43.0	43.0	116.5	1357.5	30.5	
Math-27		1.0	1.0	1.0	2.0	1937.0	1.0	
Math-28		51.8	51.8	51.8	510.0	2431.6	26.2	
Math-29		190.0	185.4	8.8	39.8	997.2	83.4	
Math-30		28.0	28.0	28.0	16.0	2649.0	896.0	
Math-31		583.5862068965517	488.6896551724138	556.9655172413793	1232.5172413793102	2879.5862068965516	911.0	
Math-32		2.0	2.0	2.0	24.0	88.0	12.0	
Math-33		26.0	26.0	26.0	41.0	226.0	5.0	
Math-34		3.0	3.0	3.0	1.0	132.0	12.0	
Math-35		13.0	13.0	12.5	230.0	291.5	161.0	
Math-36		356.5	356.5	20.5	2.5	142.5	274.25	
Math-37		538.6	343.2	149.4	331.0	606.4	157.8	
Math-38		257.0	346.25	346.25	412.25	3870.75	424.5	
Math-39		117.0	117.0	117.0	66.0	325.0	282.0	
Math-40		969.0	302.0	302.0	919.5	1787.0	89.5	
Math-41		35.0	35.0	35.0	28.0	242.0	12.0	
Math-42		71.5	71.5	71.5	138.5	761.5	450.5	
Math-43		45.0	45.0	86.0	1078.6666666666667	357.6666666666667	726.6666666666666	
Math-44		515.0	508.3333333333333	508.3333333333333	1160.3333333333333	589.6666666666666	709.6666666666666	
Math-45		2.0	2.0	2.0	1.0	463.0	3.0	
Math-46		191.0	190.0	190.5	1321.5	1271.0	124.0	
Math-47		1032.6	332.0	410.4	1591.4	864.6	1085.6	
Math-48		355.0	355.0	355.0	489.0	1373.0	660.0	
Math-49		2018.75	1809.25	1809.25	1611.5	681.75	1700.0	
Math-50		2.3333333333333335	2.3333333333333335	2.3333333333333335	2.6666666666666665	1314.0	2.6666666666666665	
Math-51		229.0	229.0	229.0	1536.5	1119.5	2324.0	
Math-52		1757.0	555.6666666666666	555.6666666666666	1945.0	1012.6666666666666	1579.3333333333333	
Math-53		2.0	2.0	2.0	2.0	85.0	5.0	
Math-54		1218.5	1399.5	1399.5	399.0	541.0	715.0	
Math-55		990.5	387.5	387.5	540.0	1390.0	17.0	
Math-56		22.5	22.5	22.5	14.333333333333334	968.0	13.0	
Math-57		4.0	4.0	4.0	4.0	1911.0	209.0	
Math-58		504.0	504.0	504.0	455.0	1670.0	2579.0	
Math-60		427.25	514.25	514.25	637.875	1237.25	341.125	
Math-61		296.5	296.5	296.5	1003.0	2253.0	934.5	
Math-62		328.75	328.75	328.75	542.75	1427.0	465.0	
Math-63		1.0	1.0	1.0	2.0	434.0	12.0	
Math-64		261.64285714285717	225.0	225.64285714285714	353.0	535.9285714285714	377.07142857142856	
Math-65		135.66666666666666	135.66666666666666	135.66666666666666	1886.6666666666667	137.0	444.0	
Math-66		152.2941176470588	149.76470588235293	554.5882352941177	1102.5294117647059	556.7647058823529	1624.4117647058824	
Math-67		326.0	327.5	327.5	330.5	572.5	521.0	
Math-68		277.42857142857144	258.42857142857144	259.2857142857143	389.14285714285717	416.7142857142857	346.57142857142856	
Math-69		12.0	12.0	12.0	53.0	2546.0	72.0	
Math-70		1.0	1.0	1.0	1.0	169.0	1.0	
Math-71		279.5	271.5	1.5	10.5	257.5	139.0	
Math-72		87.5	112.0	112.0	57.5	126.5	18.0	
Math-73		2.0	2.0	2.0	4.0	84.0	11.0	
Math-74		1614.0	966.0	966.0	4165.4	2494.8	4469.8	
Math-75		1.0	1.0	1.0	1.0	106.0	5.0	
Math-76		1124.2142857142858	372.7142857142857	360.42857142857144	3044.0	1118.4285714285713	1998.5714285714287	
Math-77		18.857142857142858	18.857142857142858	16.857142857142858	21.857142857142858	2023.0	32.142857142857146	
Math-78		111.5	111.5	111.5	120.5	353.5	88.5	
Math-79		31.0	31.0	31.0	191.0	11.0	26.5	
Math-80		14.0	14.0	14.0	9.0	1037.0	17.0	
Math-81		1632.75	512.25	512.25	2396.25	2877.5	2050.0	
Math-82		217.0	217.0	217.0	1582.0	90.0	1026.0	
Math-83		70.0	70.0	70.0	560.0	484.6666666666667	679.0	
Math-84		60.333333333333336	64.33333333333333	77.0	88.66666666666667	229.66666666666666	135.0	
Math-85		91.0	91.0	91.0	171.0	245.0	28.0	
Math-86		477.3333333333333	502.3333333333333	540.3333333333334	388.0	1273.0	433.0	
Math-87		565.0	169.25	169.25	1462.5	613.5	1888.0	
Math-88		21.142857142857142	21.142857142857142	21.142857142857142	331.0	771.7142857142857	8.0	
Math-89		13.5	13.5	13.5	39.5	87.5	5.5	
Math-90		3.0	3.0	3.0	8.0	71.0	18.0	
Math-90		3.0	3.0	3.0	3.0	50.0	2.0	
Math-91		1.5	1.5	1.5	2.0	229.5	1.5	
Math-92		20.0	18.714285714285715	18.714285714285715	103.71428571428571	174.0	33.57142857142857	
Math-93		17.4	16.4	16.4	51.2	195.8	12.4	
Math-94		6.0	6.0	6.0	210.0	191.0	40.0	
Math-95		10.0	10.0	10.0	16.0	130.0	5.333333333333333	
Math-95		10.0	10.0	10.0	17.0	73.33333333333333	5.0	
Math-96		5.0	5.0	5.0	6.0	107.0	4.0	
Math-97		14.25	14.25	14.25	25.75	150.5	15.75	
Math-98		8.5	8.5	8.5	6.5	376.5	6.5	
Math-99		29.0	29.0	17.0	158.0	92.5	31.5	
Math-100		404.0	196.66666666666666	196.66666666666666	299.3333333333333	311.6666666666667	94.33333333333333	
Math-101		12.0	12.0	12.0	25.0	36.0	44.0	
Math-102		6.0	6.0	8.0	8.75	135.25	5.0	
Math-103		32.0	32.0	32.0	36.0	222.0	120.0	
Math-104		61.0	61.0	61.0	168.0	50.0	162.0	
Math-105		25.0	25.0	25.0	5.0	11.0	48.0	
Math-106		65.0	44.333333333333336	44.333333333333336	57.0	40.333333333333336	18.333333333333332	
Lang-21		2.0	2.0	2.0	1.0	279.0	1.0	
Mockito-2		101.66666666666667	101.66666666666667	110.0	487.0	381.3333333333333	812.3333333333334	
Mockito-3		633.2	584.8	515.4	964.0	1598.4	183.4	
Mockito-4		1798.3333333333333	1810.6666666666667	1810.6666666666667	898.3333333333334	513.3333333333334	1200.0	
Mockito-5		2914.0	1350.0	1350.0	1816.0	116.0	642.0	
Mockito-6		1292.75	1229.75	631.15	531.1	271.35	1023.4	
Mockito-7		1650.0	1710.0	1710.0	653.0	1216.0	625.0	
Mockito-8		55.0	47.5	47.5	40.0	123.5	12.5	
Mockito-9		991.5	929.5	932.5	2121.5	1390.0	925.5	
Mockito-10		502.8333333333333	463.8333333333333	463.8333333333333	753.6666666666666	704.5	902.0	
Mockito-11		133.0	403.0	403.0	238.5	335.0	100.5	
Mockito-12		71.5	71.5	71.5	751.5	552.5	369.0	
Mockito-13		549.3333333333334	517.0	517.0	931.0	530.3333333333334	559.0	
Mockito-14		491.0	469.8	469.8	710.2	734.4	942.2	
Mockito-15		133.5	133.5	133.5	855.0	789.0	466.0	
Mockito-16		407.0	389.5	389.5	375.3333333333333	656.1666666666666	457.3333333333333	
Mockito-17		117.0	113.0	113.0	429.6	518.8	396.2	
Mockito-18		9.0	9.0	9.0	14.0	382.0	5.0	
Mockito-20		670.0	1087.5	1129.5	532.5	1219.0	1214.5	
Mockito-21		48.0	47.6	47.6	151.6	596.2	147.0	
Mockito-22		11.0	11.0	11.0	11.0	4.0	63.0	
Mockito-23		149.11111111111111	149.11111111111111	149.11111111111111	529.4444444444445	1165.5555555555557	673.5555555555555	
Mockito-24		1.0	1.0	1.0	1.0	217.0	50.0	
Mockito-25		122.33333333333333	122.33333333333333	150.5	491.1666666666667	1504.5	411.5	
Mockito-26		29.0	31.0	221.0	23.0	1405.0	1670.0	
Mockito-27		228.5	228.5	12.5	45.0	499.5	205.0	
Mockito-28		270.0	270.0	270.0	418.0	428.0	719.0	
Mockito-29		1007.0	767.0	767.0	751.0	1416.0	1003.0	
Mockito-30		102.5	102.5	102.5	350.5	228.5	77.5	
Mockito-31		162.5	162.5	162.5	475.5	480.5	340.0	
Mockito-32		331.5	331.5	331.5	755.5	1454.0	678.5	
Mockito-33		53.0	53.0	193.0	45.0	343.0	58.0	
Mockito-34		26.0	26.0	61.0	2.0	434.0	37.0	
Mockito-35		428.3333333333333	428.3333333333333	6.333333333333333	181.33333333333334	435.6666666666667	300.3333333333333	
Mockito-36		950.5	888.0	930.5	920.5	1160.0	419.5	
Mockito-37		264.5	254.0	254.5	617.5	67.5	246.5	
Mockito-38		811.0	657.0	657.0	1367.0	814.0	668.0	
Time-1		314.4	299.2	299.2	249.6	2360.0	49.0	
Time-2		1308.3333333333333	1218.0	1218.0	1458.3333333333333	2224.3333333333335	911.3333333333334	
Time-3		2256.8	2074.4	1178.9	2185.6	4384.55	1495.9	
Time-4		30.0	30.0	30.0	30.0	3489.0	22.0	
gzip-1		105.5	105.5	105.5	228.5	119.5	474.0	
gzip-2		52.333333333333336	77.33333333333333	77.33333333333333	117.5	236.66666666666666	102.16666666666667	
gzip-3		231.0	263.5	263.5	451.5	250.25	504.0	
gzip-4		10.333333333333334	195.33333333333334	195.33333333333334	109.0	81.66666666666667	65.33333333333333	
gzip-1		105.5	105.5	105.5	321.5	192.5	422.5	
gzip-4		10.333333333333334	195.33333333333334	195.33333333333334	129.66666666666666	166.66666666666666	140.0	
gzip-5		28.0	28.0	28.0	44.0	355.0	31.0	
python-1		448.0967741935484	622.6935483870968	622.6935483870968	881.8709677419355	1281.8064516129032	945.3870967741935	
python-2		418.25	1144.25	1144.25	3935.375	2825.875	4160.5	
python-3		510.6666666666667	558.6666666666666	558.6666666666666	667.0	647.6666666666666	388.3333333333333	
python-4		1922.0	1935.0	1935.0	865.0	306.0	965.0	
libtiff-1		391.0	402.0	441.0	1119.0	97.0	2977.0	
libtiff-2		129.0	144.5	144.5	196.5	585.5	7.0	
libtiff-3		30.0	52.2	52.2	38.6	89.2	140.6	
libtiff-4		1465.5722627737227	1710.8919708029198	1711.567883211679	1607.4613138686132	2241.1737226277373	1666.2364963503649	
libtiff-5		723.9673913043479	723.9673913043479	723.9673913043479	1074.0869565217392	1062.9239130434783	948.3260869565217	
libtiff-6		753.0	753.0	753.0	1991.0	1653.0	827.0	
libtiff-7		3767.59375	4024.21875	4024.21875	3769.2395833333335	4040.28125	3390.6354166666665	
Time-5		512.1666666666666	499.8333333333333	543.8333333333334	1464.3333333333333	3134.5	48.166666666666664	
Time-6		578.5	580.5	79.0	1746.5	2966.0	473.5	
Lang-1		4.0	4.0	4.0	5.666666666666667	16.0	10.0	
Lang-2		17.0	17.0	17.0	27.0	88.0	42.0	
Lang-3		110.5	110.5	110.5	1181.0	1130.0	232.5	
Lang-4		9.0	9.0	9.0	11.75	24.5	15.25	
Lang-5		22.5	22.5	22.5	7.5	14.0	35.0	
Lang-6		98.0	98.0	98.0	665.0	2403.0	2787.0	
Lang-7		450.0	179.4	179.4	699.6	596.8	300.2	
Lang-8		34.0	34.0	34.0	63.0	86.0	98.0	
Lang-9		61.0	61.0	77.0	53.0	400.0	248.0	
Lang-10		65.66666666666667	65.66666666666667	78.83333333333333	236.0	39.166666666666664	160.0	
Lang-11		4.0	4.0	4.0	10.0	24.0	1.0	
Lang-12		10.75	11.25	12.75	7.5	25.75	28.75	
Lang-13		64.0	57.0	57.0	69.0	24.0	57.0	
Lang-14		4.0	4.0	4.0	1.0	901.0	7.0	
Lang-15		314.25	314.25	346.0	1701.75	1210.75	672.0	
Lang-16		27.0	27.0	27.0	80.0	347.0	15.0	
Lang-17		701.7142857142857	135.42857142857142	135.42857142857142	1068.2857142857142	160.57142857142858	1250.2857142857142	
Lang-18		107.25	107.25	107.25	288.25	410.75	90.75	
Lang-19		28.5	28.0	22.5	27.0	21.25	16.25	
Lang-20		35.5	35.5	16.5	14.5	1133.0	13.0	
Lang-21		2.0	2.0	2.0	2.0	149.0	2.0	
Lang-22		14.0	14.0	32.0	29.0	52.0	38.0	
Lang-23		140.0	133.66666666666666	133.66666666666666	155.33333333333334	310.0	251.33333333333334	
Lang-24		64.0	64.0	64.0	700.0	1010.0	102.0	
Lang-25		10.0	10.0	10.0	13.0	16.0	15.0	
Lang-26		7.0	7.0	7.0	27.0	87.0	30.0	
Lang-27		129.0	129.0	129.0	486.0	1000.0	157.0	
Lang-28		3.5	3.5	3.5	7.0	17.0	5.0	
Lang-29		1.0	1.0	1.0	1.0	954.0	9.0	
Lang-30		114.3529411764706	100.94117647058823	84.41176470588235	153.35294117647058	534.0588235294117	36.64705882352941	
Lang-31		6.333333333333333	6.333333333333333	8.333333333333334	6.0	1406.0	10.333333333333334	
Lang-32		33.0	33.0	33.0	362.5	619.0	361.0	
Lang-33		7.0	7.0	7.0	1.0	1124.0	9.0	
Lang-34		53.0	54.0	140.0	63.5	505.0	70.0	
Lang-35		444.0	470.5	470.5	139.0	538.5	144.0	
Lang-36		118.33333333333333	118.33333333333333	99.0	398.0	576.6666666666666	56.666666666666664	
Lang-37		6.5	6.5	6.5	6.0	237.5	3.5	
Lang-38		3.0	3.0	3.0	5.0	427.0	2.0	
Lang-39		27.0	27.0	27.0	68.0	391.0	29.0	
Lang-40		2.0	2.0	2.0	1.0	408.0	8.0	
Lang-41		46.0	46.0	20.4	59.2	133.6	19.2	
Lang-42		15.0	15.0	15.0	28.0	92.5	26.0	
Lang-43		6.0	6.0	6.0	1.0	233.0	4.0	
Lang-44		3.0	3.0	3.0	7.0	182.0	15.0	
Lang-45		8.0	8.0	8.0	23.0	701.0	14.0	
Lang-46		23.666666666666668	13.666666666666666	13.666666666666666	61.0	103.0	69.22222222222223	
Lang-47		37.0	37.0	7.0	5.5	141.5	10.0	
Lang-48		23.0	21.333333333333332	21.333333333333332	76.33333333333333	151.0	82.66666666666667	
Lang-49		1.0	1.0	1.0	3.0	191.0	6.0	
Lang-50		147.0	137.2	24.4	76.7	199.5	59.2	
Lang-51		14.0	14.0	14.0	80.0	58.0	11.0	
Lang-52		62.0	44.0	44.0	151.0	203.5	61.5	
Lang-53		125.0	122.0	122.0	179.5	144.5	132.25	
Lang-54		4.0	4.0	4.0	6.0	35.0	2.0	
Lang-55		7.5	7.5	7.5	14.0	25.0	14.5	
Lang-56		379.5	353.5	353.5	241.0	235.5	159.5	
Lang-57		6.0	6.0	6.0	2.0	20.0	13.0	
Lang-58		20.5	20.5	20.5	18.5	283.0	12.0	
Lang-59		6.0	6.0	6.0	3.0	320.0	6.0	
Lang-60		297.0	291.0	291.0	467.5	56.5	92.0	
Lang-61		8.0	8.0	21.0	5.0	12.0	3.0	
Lang-62		183.0	183.0	183.0	97.75	238.25	192.75	
Lang-63		37.94736842105263	37.94736842105263	37.94736842105263	145.10526315789474	567.8947368421053	49.473684210526315	
Lang-64		594.5	70.0	70.0	118.0	719.0	10.0	
Lang-65		63.25	61.25	61.25	34.5	112.75	31.0	
Time-1		314.4	299.2	299.2	556.2	2846.2	38.0	
Time-4		30.0	30.0	30.0	38.0	1910.0	22.0	
Time-5		512.1666666666666	499.8333333333333	543.8333333333334	1462.8333333333333	3357.3333333333335	30.166666666666668	
Time-6		578.5	580.5	79.0	1255.5	864.0	269.5	
Time-7		15.0	15.0	16.0	64.5	7046.5	35.5	
Time-8		275.6666666666667	258.3333333333333	258.3333333333333	864.6666666666666	2708.6666666666665	45.333333333333336	
Time-9		22.8	22.8	22.8	13.8	3358.6	57.8	
Chart-1		35.0	35.0	35.0	5.0	5859.0	44.0	
Chart-2		255.5	229.6	202.6	605.3	970.6	415.0	
Chart-3		4.0	4.0	4.0	4.0	142.0	7.0	
Chart-5		66.33333333333333	88.0	88.0	71.33333333333333	73.33333333333333	5.666666666666667	
Chart-6		16.0	16.0	104.0	57.0	464.0	55.0	
Chart-7		74.5	74.5	74.5	273.5	375.5	62.0	
Chart-8		1.0	1.0	1.0	11.0	114.0	28.0	
Chart-9		14.0	14.0	14.0	16.0	230.0	9.0	
Chart-10		3.0	3.0	3.0	1.0	27.0	6.0	
Chart-11		5.0	5.0	5.0	16.0	154.0	5.0	
Chart-12		8.0	8.0	8.0	67.0	2582.0	21.0	
Chart-13		48.0	48.0	48.0	137.0	836.0	18.0	
Chart-14		493.75	490.5	16.0	22.0	3220.0	433.5	
Chart-15		3584.3333333333335	2395.3333333333335	2395.3333333333335	5376.333333333333	4000.6666666666665	2281.6666666666665	
Chart-16		14.0	13.0	3.6666666666666665	21.666666666666668	37.666666666666664	84.0	
Chart-17		2.0	2.0	2.0	1.0	676.0	12.0	
Chart-18		24.142857142857142	20.714285714285715	11.285714285714286	19.142857142857142	98.71428571428571	9.714285714285714	
Chart-19		698.5	698.5	1.5	3.5	3671.5	142.5	
Chart-20		5.0	5.0	5.0	10.0	290.0	13.0	
Chart-21		39.75	39.75	39.75	230.25	228.0	68.5	
Chart-22		72.4	68.8	27.2	44.0	135.2	62.8	
Chart-23		4176.0	1546.0	1546.0	3943.0	302.0	4575.0	
Chart-24		3.0	3.0	3.0	3.0	7.0	6.0	
Chart-25		3234.6	3234.6	1668.1	4838.4	4840.9	5220.3	
Lang-1		4.0	4.0	4.0	3.3333333333333335	462.3333333333333	10.333333333333334	
Lang-2		17.0	17.0	17.0	78.0	44.0	25.0	
Lang-3		110.5	110.5	110.5	1261.75	1041.75	366.75	
Lang-4		9.0	9.0	9.0	14.5	13.75	16.5	
Lang-5		22.5	22.5	22.5	24.0	55.5	22.0	
Lang-6		98.0	98.0	98.0	2013.0	1479.0	2784.0	
Lang-7		450.0	179.4	179.4	598.4	967.0	237.6	
Lang-8		34.0	34.0	34.0	87.0	388.0	33.0	
Lang-9		61.0	61.0	77.0	169.0	513.0	417.0	
Lang-10		65.66666666666667	65.66666666666667	78.83333333333333	250.33333333333334	400.1666666666667	238.33333333333334	
Lang-10		65.66666666666667	65.66666666666667	78.83333333333333	266.0	643.8333333333334	230.33333333333334	
Lang-11		4.0	4.0	4.0	7.0	49.0	4.0	
Lang-12		10.75	11.25	12.75	12.5	30.5	27.0	
Lang-13		64.0	57.0	57.0	45.0	16.0	59.0	
Lang-14		4.0	4.0	4.0	1.0	240.0	8.0	
Lang-15		314.25	314.25	346.0	1343.75	556.0	1443.75	
Lang-16		27.0	27.0	27.0	321.0	742.0	58.0	
Lang-17		701.7142857142857	135.42857142857142	135.42857142857142	1075.142857142857	682.8571428571429	1250.5714285714287	
Lang-18		107.25	107.25	107.25	174.25	359.0	132.0	
Lang-19		28.5	28.0	22.5	21.75	46.5	13.75	
Lang-20		35.5	35.5	16.5	18.5	848.0	9.0	
Time-27		369.0	369.0	369.0	2988.0	2430.6666666666665	942.6666666666666	
Time-1		314.4	299.2	299.2	760.2	1510.8	61.0	
Time-2		1308.3333333333333	1218.0	1218.0	1243.0	3397.0	411.3333333333333	
Time-3		2256.8	2074.4	1178.9	1975.1	1326.05	2133.35	
Time-3		2256.8	2074.4	1178.9	1911.7	3244.9	2059.4	
Time-4		30.0	30.0	30.0	42.0	242.0	25.0	
Time-5		512.1666666666666	499.8333333333333	543.8333333333334	1463.8333333333333	2982.3333333333335	67.5	
Time-6		578.5	580.5	79.0	441.5	1293.5	896.0	
Time-7		15.0	15.0	16.0	55.5	6333.5	11.5	
Time-8		275.6666666666667	258.3333333333333	258.3333333333333	613.0	1888.3333333333333	270.3333333333333	
Time-9		22.8	22.8	22.8	5.6	2351.2	96.6	
Time-10		1715.5	2339.5	2345.0	2896.0	4844.0	3499.0	
Time-11		413.0	413.0	413.0	1861.0	2502.3333333333335	1833.3333333333333	
Time-12		1535.6666666666667	1490.3333333333333	6.5	75.5	4294.333333333333	393.5	
Time-13		339.0	339.0	339.0	2442.0	1834.0	1471.0	
Time-14		2.0	2.0	3.0	10.0	4375.0	10.0	
Time-15		2.0	2.0	2.0	2.0	57.0	12.0	
Time-16		7.5	7.5	7.5	102.0	4836.5	20.5	
Time-17		3.0	3.0	3.0	9.6	2315.4	37.0	
Time-18		1723.0	1432.5	1432.5	2084.0	1232.5	343.5	
Time-19		174.0	174.0	174.0	59.0	808.0	642.0	
Time-20		2190.0	4934.0	4934.0	1489.0	4314.0	3300.0	
Time-21		352.0	319.57142857142856	326.14285714285717	184.71428571428572	267.57142857142856	35.0	
Time-22		15.5	15.5	16.5	22.0	1832.5	69.0	
Time-23		29.22222222222222	29.22222222222222	29.22222222222222	33.44444444444444	946.7777777777778	14.0	
Time-24		2242.0	5172.0	5172.0	5538.0	6659.0	5167.0	
Time-25		182.0	182.0	195.0	54.0	3939.0	1199.0	
Time-26		4501.0	4226.0	4226.0	2205.0	3027.0	3545.0	
Time-27		369.0	369.0	369.0	2942.6666666666665	4077.3333333333335	1494.6666666666667	
