motivation-artificial_bug	7	
Lang-3		1723	1723	1723	1118	1693	1	
Lang-6		2758	1098	1098	1747	1566	2593	
Lang-10		410	382	382	596	368	384	
Lang-17		6	6	6	8	678	1109	
Lang-26		455	455	455	211	424	304	
Lang-32		1217	1217	1217	1020	801	1	
Lang-33		1331	1331	1331	493	632	3	
Chart-1		35	35	35	10	4158	31	
Chart-2		137	137	92	47	584	85	
Chart-3		4	4	4	15	127	7	
Chart-1		35	35	35	
Chart-1		35	35	35	
Chart-2		137	137	92	
Chart-3		4	4	4	
Chart-4		50	50	682	
Chart-5		6	6	6	
Chart-6		16	16	104	
Chart-7		74	74	74	
Chart-8		1	1	1	
Chart-9		14	14	14	
Chart-10		3	3	3	
Chart-11		5	5	5	
Chart-12		8	8	8	
Chart-5		6	6	6	
Chart-6		16	16	104	
Chart-7		74	74	74	
Chart-8		1	1	1	
Chart-9		14	14	14	
Chart-10		3	3	3	
Chart-11		5	5	5	
Chart-12		8	8	8	
Chart-13		48	48	48	
Chart-14		481	481	6	
Chart-15		34	34	34	
Chart-16		1	1	2	
Chart-17		2	2	2	
Chart-18		3	3	4	
Chart-19		696	696	1	
Chart-20		5	5	5	
Chart-21		9	9	9	
Chart-22		54	48	11	
Chart-23		4176	1546	1546	
Chart-24		3	3	3	
Mockito-1		2	2	2	
Mockito-2		3	3	8	
Mockito-3		1	1	8	
Mockito-4		1789	1629	1629	
Mockito-1		2	2	2	2	869	8	
Mockito-2		3	3	8	2	111	2	
Mockito-3		1	1	8	5	2474	41	
Lang-1		3	3	3	1	587	7	
Lang-2		17	17	17	52	89	13	
Lang-3		12	12	12	7	12	19	
Lang-4		2	2	2	4	7	5	
Lang-5		6	6	6	7	35	9	
Lang-1		3	3	3	2	542	8	
Lang-1		3	3	3	1	950	8	
Lang-2		17	17	17	53	40	36	
Lang-3		12	12	12	10	1012	13	
Lang-4		2	2	2	2	9	1	
Lang-5		6	6	6	2	1	8	
Lang-6		98	98	98	2496	2755	2793	
Lang-7		121	121	121	41	650	44	
Lang-8		34	34	34	81	94	162	
Lang-9		61	61	77	432	439	508	
Lang-10		60	60	68	53	274	72	
Lang-11		4	4	4	2	41	18	
Lang-12		4	5	7	6	9	8	
Lang-13		64	57	57	30	26	70	
Lang-14		4	4	4	3	1304	6	
Lang-15		12	12	217	186	1075	128	
Lang-16		27	27	27	278	860	54	
Lang-17		104	104	104	885	18	1228	
Lang-18		41	41	41	63	97	39	
Lang-19		6	6	8	2	14	5	
Lang-20		27	27	8	8	66	8	
Lang-21		2	2	2	1	274	1	
Lang-21		2	2	2	1	113	1	
Lang-22		14	14	32	13	69	10	
Lang-23		64	64	64	57	91	138	
Lang-24		64	64	64	12	1067	59	
Lang-25		2	2	2	13	14	4	
Lang-26		7	7	7	12	299	77	
Lang-27		127	127	127	301	936	58	
Lang-28		3	3	3	3	25	9	
Lang-29		1	1	1	1	493	11	
Lang-30		6	6	5	4	372	3	
Lang-31		4	4	6	2	2003	8	
Lang-32		5	5	5	114	41	56	
Lang-33		7	7	7	1	638	9	
Lang-34		52	53	139	34	322	47	
Lang-35		2	2	2	2	487	2	
Lang-36		42	42	93	847	150	26	
Lang-37		6	6	6	1	545	3	
Lang-38		3	3	3	2	115	15	
Lang-39		27	27	27	290	625	27	
Lang-40		2	2	2	2	957	7	
Lang-41		38	38	6	5	169	2	
Lang-42		13	13	13	8	313	9	
Lang-43		6	6	6	1	147	5	
Lang-44		3	3	3	26	129	36	
Lang-45		8	8	8	23	124	19	
Lang-46		1	1	1	1	23	9	
Lang-47		35	35	5	6	259	6	
Lang-48		2	2	2	1	129	3	
Lang-49		1	1	1	2	209	3	
Lang-50		134	36	2	12	383	3	
Lang-51		14	14	14	8	46	14	
Lang-52		26	26	26	14	176	51	
Lang-53		123	120	120	141	86	138	
Lang-54		4	4	4	3	60	4	
Lang-55		7	7	7	8	13	12	
Lang-56		298	199	199	53	194	173	
Lang-57		6	6	6	1	59	10	
Lang-58		20	20	20	8	284	7	
Lang-59		6	6	6	5	248	6	
Lang-60		2	2	2	2	228	11	
Lang-61		8	8	21	12	460	3	
Lang-62		157	157	157	141	275	29	
Lang-63		1	1	1	1	98	2	
Lang-64		1	1	1	1	1159	6	
Lang-65		7	7	7	3	45	22	
Chart-1		35	35	35	4	6697	10	
Chart-2		137	137	92	49	1078	75	
Chart-3		4	4	4	4	204	4	
Chart-5		6	6	6	6	74	7	
Chart-6		16	16	104	9	533	76	
Chart-7		74	74	74	137	138	156	
Chart-8		1	1	1	14	173	18	
Chart-9		14	14	14	6	876	5	
Chart-10		3	3	3	2	31	3	
Chart-11		5	5	5	1	147	13	
Chart-12		8	8	8	45	2612	16	
Chart-13		48	48	48	32	260	10	
Chart-14		481	481	6	8	78	276	
Chart-16		1	1	2	1	25	3	
Chart-17		2	2	2	2	840	12	
Chart-18		3	3	4	1	13	3	
Chart-19		696	696	1	2	3241	143	
Chart-20		5	5	5	88	352	20	
Chart-21		9	9	9	13	103	4	
Chart-22		54	48	11	3	17	5	
Chart-23		4176	1546	1546	4514	1888	4603	
Chart-24		3	3	3	3	13	2	
Math-1		359	359	9	29	1187	36	
Math-1		359	359	9	21	1674	35	
Math-1		359	359	9	24	452	37	
Math-1		359	359	9	18	1544	30	
Math-2		38	38	38	305	7	55	
Math-3		3	3	3	9	101	24	
Math-4		62	62	3	1	29	83	
Math-5		1	1	1	1	159	4	
Math-5		1	1	1	1	205	11	
Math-4		62	62	3	129	1109	27	
Math-5		1	1	1	1	162	10	
Math-6		107	117	234	739	3753	613	
Math-7		43	43	43	193	459	140	
Math-8		3	3	3	1	264	15	
Math-9		1	1	1	4	968	2	
Math-10		17	17	17	30	493	196	
Math-11		31	31	31	31	274	106	
Math-12		226	226	387	2374	128	2341	
Math-13		182	182	182	345	6058	1348	
Math-14		92	92	92	108	5756	167	
Math-17		82	82	82	38	370	107	
Math-18		645	645	645	5411	428	750	
Math-19		58	58	58	113	895	284	
Math-20		423	423	423	5580	7126	4929	
Math-21		42	42	47	13	4503	8	
Math-22		53	53	1	1	262	49	
Math-23		148	148	148	1247	1196	1440	
Math-22		53	53	1	1	612	28	
Math-23		148	148	148	92	331	741	
Math-24		150	150	150	267	172	826	
Math-25		100	99	99	545	403	545	
Math-26		38	38	38	24	1348	19	
Math-27		1	1	1	2	1937	1	
Math-28		13	13	13	15	2422	11	
Math-29		144	121	6	2	4	70	
Math-30		28	28	28	16	2649	896	
Math-31		29	29	194	104	2838	82	
Math-32		2	2	2	24	88	12	
Math-33		26	26	26	41	226	5	
Math-34		3	3	3	1	132	12	
Math-35		9	9	8	6	73	44	
Math-36		355	355	1	1	137	19	
Math-37		245	245	3	7	590	112	
Math-38		8	8	8	3	3652	8	
Math-39		117	117	117	66	325	282	
Math-40		34	34	34	71	1786	70	
Math-41		35	35	35	28	242	12	
Math-42		71	71	71	69	761	230	
Math-43		44	44	85	776	48	96	
Math-44		14	14	14	6	26	102	
Math-45		2	2	2	1	463	3	
Math-46		1	1	2	3	1221	4	
Math-47		2	2	4	2	85	6	
Math-48		355	355	355	489	1373	660	
Math-49		7	7	7	57	672	23	
Math-50		1	1	1	1	1313	1	
Math-51		33	33	33	632	1112	2052	
Math-52		22	22	22	27	969	32	
Math-53		2	2	2	2	85	5	
Math-54		12	12	12	14	175	8	
Math-55		1	1	1	1	1388	10	
Math-56		20	20	20	8	926	5	
Math-57		4	4	4	4	1911	209	
Math-58		504	504	504	455	1670	2579	
Math-60		36	36	36	30	1204	43	
Math-61		8	8	8	6	2250	151	
Math-62		325	325	325	148	1151	179	
Math-63		1	1	1	2	434	12	
Math-64		37	37	37	7	475	110	
Math-65		4	4	4	38	134	56	
Math-66		54	54	504	198	18	1315	
Math-67		11	11	11	188	572	499	
Math-68		128	128	129	88	167	120	
Math-69		12	12	12	53	2546	72	
Math-70		1	1	1	1	169	1	
Math-71		279	263	1	2	84	92	
Math-72		1	1	1	17	58	6	
Math-73		2	2	2	4	84	11	
Math-74		786	786	786	3778	2356	4428	
Math-75		1	1	1	1	106	5	
Math-76		69	69	70	60	1094	94	
Math-77		15	15	13	6	220	15	
Math-78		81	81	81	48	318	37	
Math-79		30	30	30	129	10	18	
Math-80		14	14	14	9	1037	17	
Math-81		10	10	10	34	178	7	
Math-82		217	217	217	1582	90	1026	
Math-83		34	34	34	54	117	18	
Math-84		28	29	41	28	222	73	
Math-85		91	91	91	171	245	28	
Math-86		4	4	61	44	968	90	
Math-87		117	117	117	879	612	1744	
Math-88		1	1	1	1	740	1	
Math-89		1	1	1	3	77	1	
Math-90		3	3	3	8	71	18	
Math-90		3	3	3	3	50	2	
Math-91		1	1	1	1	229	1	
Math-92		2	2	2	26	124	13	
Math-93		2	2	2	2	172	6	
Math-94		6	6	6	210	191	40	
Math-95		9	9	9	14	129	3	
Math-95		9	9	9	1	29	3	
Math-96		5	5	5	6	107	4	
Math-97		1	1	1	4	98	10	
Math-98		4	4	4	4	44	1	
Math-99		27	27	4	7	50	18	
Math-100		9	9	9	15	20	10	
Math-101		12	12	12	25	36	44	
Math-102		3	3	5	2	127	1	
Math-103		32	32	32	36	222	120	
Math-104		61	61	61	168	50	162	
Math-105		25	25	25	5	11	48	
Math-106		4	4	4	4	2	13	
Lang-21		2	2	2	1	279	1	
Mockito-2		3	3	8	5	35	16	
Mockito-3		1	1	8	1	44	36	
Mockito-4		1789	1629	1629	411	37	992	
Mockito-5		2914	1350	1350	1816	116	642	
Mockito-6		856	856	1	5	13	119	
Mockito-7		1650	1710	1710	653	1216	625	
Mockito-8		31	31	31	12	123	7	
Mockito-9		528	528	534	2107	700	506	
Mockito-10		11	11	11	30	168	21	
Mockito-11		1	1	1	1	187	1	
Mockito-12		2	2	2	36	189	47	
Mockito-13		86	86	86	25	342	105	
Mockito-14		94	94	94	25	236	394	
Mockito-15		132	132	132	740	788	458	
Mockito-16		7	7	7	3	70	68	
Mockito-17		4	4	4	1	71	36	
Mockito-18		9	9	9	14	382	5	
Mockito-20		26	32	116	193	397	387	
Mockito-21		1	1	1	1	69	1	
Mockito-22		11	11	11	11	4	63	
Mockito-23		11	11	11	27	585	36	
Mockito-24		1	1	1	1	217	50	
Mockito-25		46	46	73	24	1176	94	
Mockito-26		29	31	221	23	1405	1670	
Mockito-27		228	228	12	39	499	187	
Mockito-28		270	270	270	418	428	719	
Mockito-29		1007	767	767	751	1416	1003	
Mockito-30		3	3	3	12	198	61	
Mockito-31		162	162	162	363	331	48	
Mockito-32		2	2	2	30	1429	488	
Mockito-33		53	53	193	45	343	58	
Mockito-34		26	26	61	2	434	37	
Mockito-35		423	423	4	43	427	18	
Mockito-36		13	13	98	69	330	57	
Mockito-37		2	2	3	2	67	25	
Mockito-38		811	657	657	1367	814	668	
Time-1		3	3	3	4	65	5	
Time-2		3	3	3	6	896	16	
Time-3		1	1	1	5	4145	9	
Time-4		30	30	30	30	3489	22	
gzip-1		105	105	105	164	119	332	
gzip-2		5	5	5	1	5	6	
gzip-3		188	188	188	168	244	415	
gzip-4		8	193	193	53	1	36	
gzip-1		105	105	105	261	192	339	
gzip-4		8	193	193	18	130	23	
gzip-5		28	28	28	44	355	31	
python-1		69	48	48	8	1002	13	
python-2		179	905	905	184	1252	1049	
python-3		505	553	553	521	642	303	
python-4		1922	1935	1935	865	306	965	
libtiff-1		391	402	441	1119	97	2977	
libtiff-2		6	6	6	9	489	6	
libtiff-3		1	1	1	15	1	27	
libtiff-4		3	3	3	1	1	1	
libtiff-5		1	1	1	32	600	20	
libtiff-6		753	753	753	1991	1653	827	
libtiff-7		81	81	81	79	555	102	
Time-5		2	2	68	8	3132	4	
Time-6		28	35	20	1001	1522	104	
Lang-1		3	3	3	2	4	6	
Lang-2		17	17	17	27	88	42	
Lang-3		12	12	12	10	1126	23	
Lang-4		2	2	2	4	17	1	
Lang-5		6	6	6	1	11	5	
Lang-6		98	98	98	665	2403	2787	
Lang-7		121	121	121	173	16	83	
Lang-8		34	34	34	63	86	98	
Lang-9		61	61	77	53	400	248	
Lang-10		60	60	68	21	35	43	
Lang-11		4	4	4	10	24	1	
Lang-12		4	5	7	1	14	8	
Lang-13		64	57	57	69	24	57	
Lang-14		4	4	4	1	901	7	
Lang-15		12	12	217	388	1046	284	
Lang-16		27	27	27	80	347	15	
Lang-17		104	104	104	9	2	1240	
Lang-18		41	41	41	32	405	28	
Lang-19		6	6	8	6	4	11	
Lang-20		27	27	8	10	1113	1	
Lang-21		2	2	2	2	149	2	
Lang-22		14	14	32	29	52	38	
Lang-23		64	64	64	13	261	101	
Lang-24		64	64	64	700	1010	102	
Lang-25		2	2	2	3	10	10	
Lang-26		7	7	7	27	87	30	
Lang-27		127	127	127	416	993	96	
Lang-28		3	3	3	5	8	4	
Lang-29		1	1	1	1	954	9	
Lang-30		6	6	5	6	168	3	
Lang-31		4	4	6	2	1392	8	
Lang-32		5	5	5	10	601	57	
Lang-33		7	7	7	1	1124	9	
Lang-34		52	53	139	58	504	50	
Lang-35		2	2	2	1	519	3	
Lang-36		42	42	93	53	232	24	
Lang-37		6	6	6	5	237	2	
Lang-38		3	3	3	5	427	2	
Lang-39		27	27	27	68	391	29	
Lang-40		2	2	2	1	408	8	
Lang-41		38	38	6	7	79	2	
Lang-42		13	13	13	6	91	10	
Lang-43		6	6	6	1	233	4	
Lang-44		3	3	3	7	182	15	
Lang-45		8	8	8	23	701	14	
Lang-46		1	1	1	1	71	6	
Lang-47		35	35	5	2	135	6	
Lang-48		2	2	2	1	150	13	
Lang-49		1	1	1	3	191	6	
Lang-50		134	36	2	10	57	4	
Lang-51		14	14	14	80	58	11	
Lang-52		26	26	26	113	202	35	
Lang-53		123	120	120	162	134	65	
Lang-54		4	4	4	6	35	2	
Lang-55		7	7	7	7	12	14	
Lang-56		298	199	199	39	184	45	
Lang-57		6	6	6	2	20	13	
Lang-58		20	20	20	18	17	8	
Lang-59		6	6	6	3	320	6	
Lang-60		2	2	2	4	55	21	
Lang-61		8	8	21	5	12	3	
Lang-62		157	157	157	37	207	41	
Lang-63		1	1	1	1	331	3	
Lang-64		1	1	1	1	715	8	
Lang-65		7	7	7	4	65	14	
Time-1		3	3	3	2	2435	4	
Time-4		30	30	30	38	1910	22	
Time-5		2	2	68	7	3278	1	
Time-6		28	35	20	474	150	259	
Time-7		14	14	15	30	6986	25	
Time-8		27	27	27	2	2623	15	
Time-9		3	3	3	3	3348	20	
Chart-1		35	35	35	5	5859	44	
Chart-2		137	137	92	87	825	60	
Chart-3		4	4	4	4	142	7	
Chart-5		6	6	6	6	72	1	
Chart-6		16	16	104	57	464	55	
Chart-7		74	74	74	212	375	34	
Chart-8		1	1	1	11	114	28	
Chart-9		14	14	14	16	230	9	
Chart-10		3	3	3	1	27	6	
Chart-11		5	5	5	16	154	5	
Chart-12		8	8	8	67	2582	21	
Chart-13		48	48	48	137	836	18	
Chart-14		481	481	6	15	154	78	
Chart-15		34	34	34	131	1586	425	
Chart-16		1	1	2	8	4	4	
Chart-17		2	2	2	1	676	12	
Chart-18		3	3	4	5	36	3	
Chart-19		696	696	1	3	3669	86	
Chart-20		5	5	5	10	290	13	
Chart-21		9	9	9	1	71	8	
Chart-22		54	48	11	3	60	12	
Chart-23		4176	1546	1546	3943	302	4575	
Chart-24		3	3	3	3	7	6	
Chart-25		3116	3116	163	35	4761	78	
Lang-1		3	3	3	1	461	7	
Lang-2		17	17	17	78	44	25	
Lang-3		12	12	12	13	794	16	
Lang-4		2	2	2	2	3	3	
Lang-5		6	6	6	4	41	3	
Lang-6		98	98	98	2013	1479	2784	
Lang-7		121	121	121	131	543	19	
Lang-8		34	34	34	87	388	33	
Lang-9		61	61	77	169	513	417	
Lang-10		60	60	68	53	396	70	
Lang-11		4	4	4	7	49	4	
Lang-12		4	5	7	4	4	11	
Lang-13		64	57	57	45	16	59	
Lang-14		4	4	4	1	240	8	
Lang-15		12	12	217	45	124	147	
Lang-16		27	27	27	321	742	58	
Lang-17		104	104	104	132	27	1241	
Lang-18		41	41	41	3	343	90	
Lang-19		6	6	8	6	17	5	
Lang-20		27	27	8	10	423	2	
Time-27		346	346	346	1522	2429	282	
Time-1		3	3	3	8	1326	4	
Time-2		3	3	3	6	1713	25	
Time-3		1	1	1	5	694	13	
Time-3		1	1	1	5	592	11	
Time-4		30	30	30	42	242	25	
Time-5		2	2	68	8	2942	13	
Time-6		28	35	20	108	1228	143	
Time-7		14	14	15	47	6280	3	
Time-8		27	27	27	5	1886	166	
Time-9		3	3	3	1	2346	7	
Time-10		188	188	199	206	4836	191	
Time-11		412	412	412	1274	2341	869	
Time-12		1532	1487	2	66	3254	53	
Time-13		339	339	339	2442	1834	1471	
Time-14		2	2	3	10	4375	10	
Time-15		2	2	2	2	57	12	
Time-16		7	7	7	16	4836	6	
Time-17		1	1	1	4	2288	12	
Time-18		3	3	3	24	1232	259	
Time-19		174	174	174	59	808	642	
Time-20		2190	4934	4934	1489	4314	3300	
Time-21		1	1	4	11	262	4	
Time-22		15	15	16	9	1792	65	
Time-23		15	15	15	7	183	1	
Time-24		2242	5172	5172	5538	6659	5167	
Time-25		182	182	195	54	3939	1199	
Time-26		4501	4226	4226	2205	3027	3545	
Time-27		346	346	346	1124	4036	576	
