motivation-artificial_bug	7	
Lang-3		1723	1723	1723	765	1562	1723	
Lang-6		2758	2758	2758	2672	1354	961	
Lang-10		410	463	463	262	84	679	
Lang-17		128	128	128	187	13	596	
Lang-26		455	455	455	166	131	455	
Lang-32		1217	1217	1217	1142	155	1217	
Lang-33		1331	1331	1331	318	800	1331	
Chart-1		15	15	15	608	1619	9	
Chart-2		108	97	11	15	803	51	
Chart-3		6	6	6	6	265	52	
Chart-1		85	85	85	
Chart-1		59	59	59	
Chart-2		108	108	11	
Chart-3		8	8	8	
Chart-4		111	111	739	
Chart-5		3	3	3	
Chart-6		5	5	47	
Chart-7		77	77	77	
Chart-8		1	1	1	
Chart-9		76	76	76	
Chart-10		3	3	3	
Chart-11		5	5	5	
Chart-12		14	14	14	
Chart-5		3	3	3	
Chart-6		18	18	59	
Chart-7		76	76	76	
Chart-8		1	1	1	
Chart-9		53	53	53	
Chart-10		3	3	3	
Chart-11		5	5	5	
Chart-12		14	14	14	
Chart-13		66	66	66	
Chart-14		484	484	156	
Chart-15		522	522	522	
Chart-16		1	1	2	
Chart-17		42	42	42	
Chart-18		3	3	5	
Chart-19		709	472	14	
Chart-20		1	1	1	
Chart-21		9	9	9	
Chart-22		57	48	11	
Chart-23		4176	1377	1377	
Chart-24		3	3	3	
Mockito-1		11	11	50	
Mockito-2		1	1	26	
Mockito-3		3	3	52	
Mockito-4		1789	1891	1891	
Mockito-1		2	2	80	2	1171	22	
Mockito-2		3	3	3	2	121	1	
Mockito-3		1	1	37	1	18	24	
Lang-1		15	15	15	7	700	11	
Lang-2		11	11	11	16	18	12	
Lang-3		25	25	25	18	42	26	
Lang-4		2	2	2	4	2	13	
Lang-5		13	13	13	5	11	10	
Lang-1		15	15	15	1	985	4	
Lang-1		15	15	15	4	1491	9	
Lang-2		2	2	2	20	76	66	
Lang-3		25	25	25	31	136	266	
Lang-4		2	2	2	3	17	8	
Lang-5		5	5	5	6	27	3	
Lang-6		16	16	16	91	1658	2036	
Lang-7		120	120	120	8	866	49	
Lang-8		29	29	29	32	631	76	
Lang-9		54	54	79	395	395	343	
Lang-10		64	65	65	20	564	15	
Lang-11		7	7	7	9	43	16	
Lang-12		4	4	7	5	5	6	
Lang-13		64	64	64	47	42	5	
Lang-14		4	4	4	2	353	2	
Lang-15		184	315	376	1320	16	906	
Lang-16		4	4	4	32	1191	35	
Lang-17		7	7	7	1	418	49	
Lang-18		10	10	10	80	202	35	
Lang-19		2	2	2	3	17	2	
Lang-20		28	28	9	8	347	67	
Lang-21		2	2	2	2	188	2	
Lang-21		2	2	2	3	77	21	
Lang-22		1	1	22	9	117	22	
Lang-23		64	64	64	248	253	7	
Lang-24		134	134	134	129	1014	40	
Lang-25		2	2	2	11	9	13	
Lang-26		116	116	116	324	49	116	
Lang-27		128	128	128	23	1107	532	
Lang-28		2	2	2	1	29	4	
Lang-29		20	20	20	8	762	12	
Lang-30		6	6	5	1	774	1	
Lang-31		4	4	4	1	1506	7	
Lang-32		4	4	4	341	106	88	
Lang-33		7	7	7	14	618	91	
Lang-34		52	53	116	120	582	199	
Lang-35		3	3	3	6	265	2	
Lang-36		19	19	23	23	738	65	
Lang-37		6	6	6	2	477	9	
Lang-38		4	4	4	2	441	31	
Lang-39		26	26	26	12	522	36	
Lang-40		4	4	4	3	1019	3	
Lang-41		38	38	6	4	92	21	
Lang-42		23	23	23	26	359	93	
Lang-43		19	19	19	11	222	233	
Lang-44		3	3	3	6	7	12	
Lang-45		9	9	9	13	138	30	
Lang-46		1	1	1	3	116	4	
Lang-47		35	24	11	16	371	61	
Lang-48		2	2	2	2	109	15	
Lang-49		1	1	1	6	164	18	
Lang-50		141	53	9	16	9	9	
Lang-51		14	14	14	7	78	24	
Lang-52		26	26	26	8	46	45	
Lang-53		123	48	48	198	12	109	
Lang-54		10	10	10	5	53	12	
Lang-55		18	18	18	18	7	8	
Lang-56		298	361	361	172	89	279	
Lang-57		6	6	6	13	184	6	
Lang-58		23	23	23	29	2	43	
Lang-59		6	6	6	4	511	3	
Lang-60		27	27	27	33	217	133	
Lang-61		16	16	29	20	458	5	
Lang-62		157	190	190	120	36	38	
Lang-63		21	21	21	5	957	4	
Lang-64		5	5	5	1	689	4	
Lang-65		7	7	7	6	26	25	
Chart-1		133	133	133	15	1094	1216	
Chart-2		108	103	11	102	489	165	
Chart-3		29	29	29	119	458	796	
Chart-5		3	3	3	8	4	8	
Chart-6		6	6	27	4	601	224	
Chart-7		84	84	84	241	134	326	
Chart-8		1	1	1	9	92	18	
Chart-9		166	166	166	146	827	165	
Chart-10		3	3	3	3	4	4	
Chart-11		5	5	5	4	68	56	
Chart-12		14	14	14	33	143	1028	
Chart-13		97	97	97	42	868	655	
Chart-14		490	490	103	402	986	1208	
Chart-16		1	1	2	1	89	4	
Chart-17		63	63	63	19	989	55	
Chart-18		3	3	4	1	201	4	
Chart-19		709	709	15	13	383	427	
Chart-20		1	1	1	25	71	184	
Chart-21		11	11	11	2	118	17	
Chart-22		58	49	7	39	6	11	
Chart-23		4176	4187	4187	1330	2495	1276	
Chart-24		3	3	3	1	20	12	
Math-1		385	55	31	58	328	1295	
Math-1		407	77	51	27	108	280	
Math-1		407	394	51	972	65	1079	
Math-1		407	394	51	136	286	176	
Math-2		5	5	5	18	55	93	
Math-3		3	3	3	12	149	2	
Math-4		66	66	7	57	1695	135	
Math-5		3	3	3	1	119	83	
Math-5		3	3	3	1	42	6	
Math-4		69	69	10	574	154	8	
Math-5		3	3	3	2	165	73	
Math-6		100	212	17	241	205	90	
Math-7		267	267	267	46	1960	5	
Math-8		9	9	9	6	864	22	
Math-9		1	1	1	3	2115	9	
Math-10		156	156	156	12	2252	533	
Math-11		9	9	9	113	6581	554	
Math-12		211	211	413	2331	38	1024	
Math-13		202	202	202	527	7246	321	
Math-14		118	118	118	84	3171	461	
Math-17		61	61	61	111	603	539	
Math-18		706	706	706	1358	6302	1037	
Math-19		488	488	488	1394	977	2081	
Math-20		186	186	186	809	6383	4575	
Math-21		21	21	21	1	4675	15	
Math-22		213	213	208	49	1603	1032	
Math-23		246	246	246	685	2139	366	
Math-22		200	200	148	13	676	400	
Math-23		56	56	56	42	1927	305	
Math-24		241	241	241	1783	1574	1224	
Math-25		100	76	76	285	48	505	
Math-26		36	36	36	422	1621	1330	
Math-27		3	3	3	2	316	3	
Math-28		18	18	18	4	4382	272	
Math-29		133	99	82	113	16	63	
Math-30		28	28	28	103	756	32	
Math-31		20	20	176	42	708	31	
Math-32		171	171	171	895	718	2228	
Math-33		36	36	36	44	2015	1286	
Math-34		1	1	1	1	169	31	
Math-35		9	9	8	3	143	39	
Math-36		355	37	1	1	95	59	
Math-37		247	247	3	21	673	19	
Math-38		8	8	8	29	1540	11	
Math-39		454	454	454	1939	434	1170	
Math-40		55	55	55	225	9	542	
Math-41		55	55	55	64	1080	157	
Math-42		319	319	319	1363	1831	202	
Math-43		119	121	237	204	1818	524	
Math-44		90	90	90	126	111	292	
Math-45		2	2	2	3	1273	8	
Math-46		4	4	331	8	68	2006	
Math-47		5	5	71	1	706	4	
Math-48		365	365	365	192	2636	258	
Math-49		410	410	410	479	877	469	
Math-50		3	3	3	2	1058	26	
Math-51		54	54	54	210	275	1358	
Math-52		30	30	30	22	2102	251	
Math-53		2	2	2	3	385	7	
Math-54		503	503	503	9	61	1000	
Math-55		1	1	1	1	1042	3	
Math-56		29	29	29	2	1019	10	
Math-57		1	1	1	3	992	940	
Math-58		515	515	515	1441	2711	10	
Math-60		9	9	9	40	60	168	
Math-61		274	274	274	323	1427	209	
Math-62		325	325	325	225	537	148	
Math-63		1	1	1	2	302	132	
Math-64		7	7	7	37	2	30	
Math-65		200	200	200	444	987	620	
Math-66		14	14	504	605	182	722	
Math-67		11	11	11	68	578	381	
Math-68		15	15	15	17	204	38	
Math-69		17	17	17	192	1916	2958	
Math-70		10	10	10	10	78	50	
Math-71		281	168	5	45	338	141	
Math-72		36	36	36	34	88	90	
Math-73		40	40	40	254	185	21	
Math-74		1067	1067	1067	2627	1467	1074	
Math-75		5	5	5	9	109	9	
Math-76		19	19	20	62	2938	332	
Math-77		93	93	91	16	1131	21	
Math-78		34	34	34	40	6	67	
Math-79		1	1	1	31	435	27	
Math-80		144	144	144	98	1349	2974	
Math-81		281	281	281	415	749	1278	
Math-82		210	210	210	325	1852	806	
Math-83		93	93	93	5	9	146	
Math-84		78	101	106	88	7	64	
Math-85		110	110	110	29	219	93	
Math-86		75	167	177	87	1411	502	
Math-87		166	166	166	229	561	307	
Math-88		20	20	20	9	1882	15	
Math-89		4	4	4	3	94	8	
Math-90		1	1	1	4	36	23	
Math-90		4	4	4	7	39	66	
Math-91		2	2	2	3	27	13	
Math-92		14	14	14	7	3	4	
Math-93		1	1	1	2	8	2	
Math-94		1	1	1	38	144	15	
Math-95		49	49	49	16	373	92	
Math-95		21	21	21	12	5	47	
Math-96		5	5	5	10	97	8	
Math-97		1	1	1	4	2	19	
Math-98		4	4	4	6	614	3	
Math-99		24	24	5	75	79	35	
Math-100		11	11	11	9	193	100	
Math-101		10	10	10	6	112	15	
Math-102		3	3	5	4	597	2	
Math-103		25	25	25	1	58	32	
Math-104		31	31	31	119	64	36	
Math-105		25	25	25	1	23	21	
Math-106		13	13	13	6	159	5	
Lang-21		2	2	2	1	229	3	
Mockito-2		3	3	3	1	664	1	
Mockito-3		3	3	63	4	2601	23	
Mockito-4		1789	1797	1797	334	1920	1238	
Mockito-5		2914	2991	2991	459	2553	3337	
Mockito-6		860	860	10	4	278	10	
Mockito-7		1650	1659	1659	1057	816	597	
Mockito-8		8	8	8	1	26	77	
Mockito-9		446	446	452	1627	3	627	
Mockito-10		361	361	361	9	501	76	
Mockito-11		6	6	6	22	354	14	
Mockito-12		2	2	2	1	862	29	
Mockito-13		109	109	109	57	1437	586	
Mockito-14		504	504	504	298	421	241	
Mockito-15		150	150	150	296	49	684	
Mockito-16		41	41	41	37	121	15	
Mockito-17		4	4	4	6	425	107	
Mockito-18		173	173	173	103	809	200	
Mockito-20		48	54	222	36	293	109	
Mockito-21		7	7	7	3	456	5	
Mockito-22		1	1	1	2	643	88	
Mockito-23		101	101	101	31	376	97	
Mockito-24		126	126	146	92	2310	1120	
Mockito-25		5	5	9	50	52	45	
Mockito-26		35	41	169	6	2995	1654	
Mockito-27		286	231	70	54	353	593	
Mockito-28		453	453	453	1054	952	734	
Mockito-29		1007	1065	1065	1339	238	754	
Mockito-30		45	45	45	13	618	201	
Mockito-31		219	219	219	521	144	212	
Mockito-32		331	331	331	341	329	1150	
Mockito-33		129	129	238	201	35	767	
Mockito-34		115	115	162	239	615	145	
Mockito-35		426	418	15	68	384	588	
Mockito-36		220	231	321	72	1477	311	
Mockito-37		32	32	33	391	84	1088	
Mockito-38		811	887	887	646	967	196	
Time-1		17	17	17	69	996	288	
Time-2		65	65	65	443	3629	1717	
Time-3		128	128	130	118	2201	274	
Time-4		195	195	195	200	7495	88	
gzip-1		96	96	96	221	440	292	
gzip-2		9	9	9	4	49	1	
gzip-3		90	90	90	82	351	112	
gzip-4		8	8	8	206	131	56	
gzip-1		96	96	96	6	161	5	
gzip-4		8	193	193	44	5	85	
gzip-5		16	16	16	46	282	265	
python-1		69	69	69	43	75	66	
python-2		179	408	408	3056	320	422	
python-3		505	553	553	666	828	138	
python-4		1922	1922	1922	1854	754	2334	
libtiff-1		391	402	440	3270	1361	1749	
libtiff-2		15	15	15	14	464	5	
libtiff-3		1	1	1	9	35	1	
libtiff-4		3	3	19	2	1	2	
libtiff-5		1	1	1	31	102	2	
libtiff-6		753	753	753	734	679	1074	
libtiff-7		24	24	24	8	43	114	
Time-5		24	24	24	7	608	274	
Time-6		93	93	92	328	1595	67	
Lang-1		15	15	15	1	1103	5	
Lang-2		19	19	19	90	60	20	
Lang-3		25	25	25	1	779	43	
Lang-4		2	2	2	12	31	3	
Lang-5		5	5	5	1	74	58	
Lang-6		16	16	16	97	182	2629	
Lang-7		120	120	120	10	570	116	
Lang-8		65	65	65	85	630	274	
Lang-9		54	54	67	40	13	419	
Lang-10		23	23	30	8	169	54	
Lang-11		2	2	2	1	41	1	
Lang-12		4	4	7	2	1	1	
Lang-13		64	66	66	51	30	50	
Lang-14		4	4	4	1	233	3	
Lang-15		11	11	101	6	886	3	
Lang-16		4	4	4	55	77	44	
Lang-17		121	121	121	816	845	29	
Lang-18		10	10	10	11	303	95	
Lang-19		2	2	2	5	32	6	
Lang-20		28	28	9	5	585	15	
Lang-21		2	2	2	1	100	14	
Lang-22		14	14	36	21	23	11	
Lang-23		64	64	64	46	101	20	
Lang-24		134	134	134	17	1593	63	
Lang-25		2	2	2	10	1	2	
Lang-26		116	116	116	344	236	189	
Lang-27		128	128	128	179	1394	540	
Lang-28		30	30	30	18	36	37	
Lang-29		20	20	20	9	911	7	
Lang-30		6	3	1	2	1498	3	
Lang-31		5	5	5	7	299	5	
Lang-32		3	3	3	5	368	27	
Lang-33		39	39	39	20	820	29	
Lang-34		50	53	132	58	14	52	
Lang-35		3	3	3	6	13	6	
Lang-36		19	19	23	26	1042	366	
Lang-37		6	6	6	2	333	5	
Lang-38		4	4	4	10	205	203	
Lang-39		26	26	26	23	909	37	
Lang-40		4	4	4	4	135	2	
Lang-41		38	38	6	3	126	37	
Lang-42		51	51	51	83	106	214	
Lang-43		19	19	19	3	145	50	
Lang-44		3	3	3	3	37	31	
Lang-45		9	9	9	3	154	8	
Lang-46		1	1	1	1	90	3	
Lang-47		35	24	5	104	197	169	
Lang-48		1	1	1	1	34	3	
Lang-49		7	7	7	31	242	39	
Lang-50		141	55	9	34	244	18	
Lang-51		14	14	14	1	99	21	
Lang-52		26	26	26	30	128	33	
Lang-53		123	123	123	34	17	27	
Lang-54		10	10	10	1	34	37	
Lang-55		19	19	19	7	15	17	
Lang-56		298	369	369	74	124	153	
Lang-57		6	6	6	3	35	12	
Lang-58		23	23	23	4	851	36	
Lang-59		10	10	10	5	294	8	
Lang-60		11	11	11	11	521	209	
Lang-61		16	16	29	18	911	34	
Lang-62		157	190	190	112	105	103	
Lang-63		25	25	25	11	363	32	
Lang-64		33	33	33	29	452	5	
Lang-65		7	7	7	5	86	4	
Time-1		17	17	17	81	148	46	
Time-4		83	83	83	558	2821	383	
Time-5		32	32	32	20	2950	78	
Time-6		92	92	190	52	1435	103	
Time-7		39	39	39	101	879	628	
Time-8		13	13	13	99	2567	323	
Time-9		11	11	11	17	403	408	
Chart-1		80	80	80	97	33	314	
Chart-2		108	108	11	50	587	38	
Chart-3		8	8	8	24	736	18	
Chart-5		3	3	3	4	6	13	
Chart-6		5	5	93	6	489	458	
Chart-7		84	84	84	170	182	54	
Chart-8		1	1	1	16	39	42	
Chart-9		76	76	76	25	870	119	
Chart-10		3	3	3	3	44	1	
Chart-11		5	5	5	6	128	121	
Chart-12		14	14	14	614	477	290	
Chart-13		95	95	95	94	98	449	
Chart-14		490	490	22	450	894	197	
Chart-15		348	348	348	564	5764	523	
Chart-16		1	1	2	6	100	5	
Chart-17		42	42	42	23	285	124	
Chart-18		3	3	4	2	144	1	
Chart-19		709	709	269	3294	2119	1936	
Chart-20		5	5	5	190	236	342	
Chart-21		11	11	11	4	13	10	
Chart-22		57	48	11	3	5	4	
Chart-23		4176	4187	4187	694	4036	1025	
Chart-24		5	5	5	5	15	19	
Chart-25		3133	3114	163	23	5441	154	
Lang-1		15	15	15	2	758	3	
Lang-2		13	13	13	44	85	71	
Lang-3		25	25	25	32	993	58	
Lang-4		2	2	2	9	7	1	
Lang-5		5	5	5	6	11	48	
Lang-6		32	32	32	985	91	1211	
Lang-7		120	120	120	75	714	54	
Lang-8		64	64	64	352	478	71	
Lang-9		54	54	63	238	435	142	
Lang-10		64	65	72	12	565	9	
Lang-11		7	7	7	12	4	12	
Lang-12		4	4	7	2	12	2	
Lang-13		64	66	66	28	34	26	
Lang-14		4	4	4	3	893	2	
Lang-15		11	11	101	9	1814	62	
Lang-16		4	4	4	23	985	11	
Lang-17		7	7	7	12	6	12	
Lang-18		10	10	10	7	201	36	
Lang-19		5	5	7	12	5	19	
Lang-20		28	28	9	1	954	14	
Time-27		1314	1314	1314	2463	5788	963	
Time-1		15	15	15	13	1897	15	
Time-2		65	65	65	19	3336	784	
Time-3		2	2	4	49	4164	16	
Time-3		1	1	3	2	751	33	
Time-4		82	82	82	64	4974	3643	
Time-5		18	18	18	5	1979	15	
Time-6		22	22	118	65	1754	51	
Time-7		40	40	45	139	1667	19	
Time-8		20	20	20	36	2219	318	
Time-9		11	11	11	49	2512	453	
Time-10		107	107	142	1563	4435	8	
Time-11		73	73	73	162	642	52	
Time-12		1533	1485	2	75	375	176	
Time-13		1262	1262	1262	5006	4810	3220	
Time-14		93	93	168	22	4131	62	
Time-15		2	2	2	5	96	76	
Time-16		89	89	93	225	3870	68	
Time-17		37	37	37	10	3193	64	
Time-18		73	73	73	63	2971	571	
Time-19		11	11	11	287	2958	1983	
Time-20		2190	2293	2293	4739	2027	1283	
Time-21		93	93	111	3	3233	9	
Time-22		62	62	62	35	3049	59	
Time-23		15	15	15	21	1	43	
Time-24		2242	2791	2791	2896	7408	806	
Time-25		23	23	33	38	5588	201	
Time-26		4501	4592	4592	3818	4085	1171	
Time-27		301	301	301	53	2087	1136	
