Lang-3		1723.0	1723.0	1723.0	765.0	1562.0	1723.0	
Lang-6		2758.0	2758.0	2758.0	2672.0	1354.0	961.0	
Lang-10		410.0	463.0	463.0	262.0	84.0	679.0	
Lang-17		128.0	128.0	128.0	187.0	13.0	596.0	
Lang-26		455.0	455.0	455.0	166.0	131.0	455.0	
Lang-32		1217.0	1217.0	1217.0	1142.0	155.0	1217.0	
Lang-33		1331.0	1331.0	1331.0	318.0	800.0	1331.0	
==============================================================
Chart-1		15.0	15.0	15.0	608.0	1619.0	9.0	
Chart-2		240.2	259.8	208.2	439.4	897.0	642.3	
Chart-3		6.0	6.0	6.0	6.0	265.0	52.0	
Chart-1		85.0	85.0	85.0	
Chart-1		59.0	59.0	59.0	
Chart-2		240.2	245.0	186.8	
Chart-3		8.0	8.0	8.0	
Chart-4		4731.0	5329.666666666667	5469.0	
Chart-5		64.33333333333333	66.0	66.0	
Chart-6		5.0	5.0	47.0	
Chart-7		77.5	77.5	77.5	
Chart-8		1.0	1.0	1.0	
Chart-9		76.0	76.0	76.0	
Chart-10		3.0	3.0	3.0	
Chart-11		5.0	5.0	5.0	
Chart-12		14.0	14.0	14.0	
Chart-5		64.33333333333333	69.66666666666667	69.66666666666667	
Chart-6		18.0	18.0	59.0	
Chart-7		76.5	76.5	76.5	
Chart-8		1.0	1.0	1.0	
Chart-9		53.0	53.0	53.0	
Chart-10		3.0	3.0	3.0	
Chart-11		5.0	5.0	5.0	
Chart-12		14.0	14.0	14.0	
Chart-13		66.0	66.0	66.0	
Chart-14		494.0	494.0	235.25	
Chart-15		3747.0	3747.0	3747.0	
Chart-16		14.0	13.333333333333334	3.6666666666666665	
Chart-17		42.0	42.0	42.0	
Chart-18		25.571428571428573	14.857142857142858	18.0	
Chart-19		716.5	479.5	21.5	
Chart-20		1.0	1.0	1.0	
Chart-21		49.75	49.75	49.75	
Chart-22		73.6	69.4	28.4	
Chart-23		4176.0	1377.0	1377.0	
Chart-24		3.0	3.0	3.0	
Mockito-1		11.0	11.0	50.0	
Mockito-2		100.66666666666667	100.66666666666667	117.33333333333333	
Mockito-3		634.4	644.6	583.8	
Mockito-4		1798.3333333333333	1900.3333333333333	1900.3333333333333	
Mockito-1		2.0	2.0	80.0	2.0	1171.0	22.0	
Mockito-2		101.66666666666667	173.0	177.0	309.0	182.66666666666666	405.3333333333333	
Mockito-3		638.2	655.0	663.8	744.8	732.4	1014.6	
Lang-1		16.0	16.0	16.0	13.0	701.3333333333334	131.0	
Lang-2		11.0	11.0	11.0	16.0	18.0	12.0	
Lang-3		113.75	114.5	114.5	683.5	648.5	624.5	
Lang-4		8.5	8.5	8.5	12.5	40.5	26.5	
Lang-5		26.0	21.0	21.0	41.0	41.5	36.5	
Lang-1		16.0	16.0	16.0	5.333333333333333	998.3333333333334	9.666666666666666	
Lang-1		16.0	16.0	16.0	6.666666666666667	1492.3333333333333	26.333333333333332	
Lang-2		2.0	2.0	2.0	20.0	76.0	66.0	
Lang-3		113.75	116.75	116.75	791.0	570.25	481.25	
Lang-4		8.5	8.5	8.5	10.75	42.75	17.25	
Lang-5		22.0	29.0	29.0	33.5	32.0	13.5	
Lang-6		16.0	16.0	16.0	91.0	1658.0	2036.0	
Lang-7		437.4	438.4	438.4	559.0	1309.2	763.8	
Lang-8		29.0	29.0	29.0	32.0	631.0	76.0	
Lang-9		54.0	54.0	79.0	395.0	395.0	343.0	
Lang-10		68.16666666666667	69.16666666666667	69.16666666666667	177.0	578.0	184.33333333333334	
Lang-11		7.0	7.0	7.0	9.0	43.0	16.0	
Lang-12		10.75	15.0	17.25	10.25	27.75	9.0	
Lang-13		64.0	64.0	64.0	47.0	42.0	5.0	
Lang-14		4.0	4.0	4.0	2.0	353.0	2.0	
Lang-15		354.25	387.0	383.75	1939.5	737.0	1431.75	
Lang-16		4.0	4.0	4.0	32.0	1191.0	35.0	
Lang-17		665.8571428571429	92.71428571428571	92.71428571428571	790.1428571428571	469.14285714285717	697.2857142857143	
Lang-18		69.5	69.5	69.5	229.75	411.5	219.0	
Lang-19		27.5	27.5	21.0	12.75	36.0	18.0	
Lang-20		36.0	36.0	17.0	14.0	355.5	261.5	
Lang-21		2.0	2.0	2.0	2.0	188.0	2.0	
Lang-21		2.0	2.0	2.0	3.0	77.0	21.0	
Lang-22		1.0	1.0	22.0	9.0	117.0	22.0	
Lang-23		140.0	128.33333333333334	128.33333333333334	341.0	313.0	257.0	
Lang-24		134.0	134.0	134.0	129.0	1014.0	40.0	
Lang-25		10.0	9.5	9.5	17.5	14.0	16.0	
Lang-26		116.0	116.0	116.0	324.0	49.0	116.0	
Lang-27		130.5	130.5	130.5	57.0	1110.0	837.0	
Lang-28		2.5	2.5	2.5	1.5	29.5	20.5	
Lang-29		20.0	20.0	20.0	8.0	762.0	12.0	
Lang-30		111.3529411764706	106.3529411764706	101.41176470588235	440.2352941176471	1082.7058823529412	34.529411764705884	
Lang-31		6.333333333333333	6.333333333333333	6.333333333333333	4.0	1508.3333333333333	17.666666666666668	
Lang-32		17.0	17.0	17.0	604.5	448.5	350.5	
Lang-33		7.0	7.0	7.0	14.0	618.0	91.0	
Lang-34		53.0	54.0	117.0	140.0	584.0	333.5	
Lang-35		444.5	444.5	444.5	149.5	551.0	284.5	
Lang-36		110.66666666666667	110.66666666666667	96.66666666666667	431.0	850.3333333333334	773.3333333333334	
Lang-37		6.5	6.5	6.5	4.5	527.5	10.0	
Lang-38		4.0	4.0	4.0	2.0	441.0	31.0	
Lang-39		26.0	26.0	26.0	12.0	522.0	36.0	
Lang-40		4.0	4.0	4.0	3.0	1019.0	3.0	
Lang-41		46.0	51.6	38.8	96.0	96.4	97.4	
Lang-42		24.5	24.5	24.5	87.0	360.5	126.0	
Lang-43		19.0	19.0	19.0	11.0	222.0	233.0	
Lang-44		3.0	3.0	3.0	6.0	7.0	12.0	
Lang-45		9.0	9.0	9.0	13.0	138.0	30.0	
Lang-46		25.666666666666668	30.0	30.0	71.0	160.11111111111111	55.44444444444444	
Lang-47		37.0	26.0	13.0	23.5	566.0	127.0	
Lang-48		24.0	8.333333333333334	8.333333333333334	73.0	110.66666666666667	87.66666666666667	
Lang-49		1.0	1.0	1.0	6.0	164.0	18.0	
Lang-50		151.4	63.4	19.4	84.5	241.2	139.9	
Lang-51		14.0	14.0	14.0	7.0	78.0	24.0	
Lang-52		62.0	63.5	63.5	56.5	55.5	56.0	
Lang-53		125.0	50.0	50.0	200.25	19.0	153.25	
Lang-54		10.0	10.0	10.0	5.0	53.0	12.0	
Lang-55		18.5	18.5	18.5	22.0	24.5	11.0	
Lang-56		379.5	429.5	429.5	236.0	154.0	361.0	
Lang-57		6.0	6.0	6.0	13.0	184.0	6.0	
Lang-58		23.5	23.5	23.5	31.0	373.5	520.0	
Lang-59		6.0	6.0	6.0	4.0	511.0	3.0	
Lang-60		309.5	334.5	334.5	132.5	550.5	138.5	
Lang-61		16.0	16.0	29.0	20.0	458.0	5.0	
Lang-62		183.0	216.0	216.0	193.5	212.75	132.75	
Lang-63		42.10526315789474	42.10526315789474	42.10526315789474	78.3157894736842	994.6842105263158	245.89473684210526	
Lang-64		596.5	596.5	596.5	322.0	691.5	592.0	
Lang-65		63.25	63.25	63.25	27.75	97.25	64.25	
Chart-1		133.0	133.0	133.0	15.0	1094.0	1216.0	
Chart-2		240.2	250.6	195.4	459.1	697.0	505.9	
Chart-3		29.0	29.0	29.0	119.0	458.0	796.0	
Chart-5		64.33333333333333	64.66666666666667	64.66666666666667	76.66666666666667	48.0	61.0	
Chart-6		6.0	6.0	27.0	4.0	601.0	224.0	
Chart-7		84.5	84.5	84.5	345.5	134.5	374.0	
Chart-8		1.0	1.0	1.0	9.0	92.0	18.0	
Chart-9		166.0	166.0	166.0	146.0	827.0	165.0	
Chart-10		3.0	3.0	3.0	3.0	4.0	4.0	
Chart-11		5.0	5.0	5.0	4.0	68.0	56.0	
Chart-12		14.0	14.0	14.0	33.0	143.0	1028.0	
Chart-13		97.0	97.0	97.0	42.0	868.0	655.0	
Chart-14		500.0	500.0	121.0	1055.5	3192.5	2218.25	
Chart-16		14.0	12.666666666666666	3.6666666666666665	51.0	173.33333333333334	39.666666666666664	
Chart-17		63.0	63.0	63.0	19.0	989.0	55.0	
Chart-18		25.142857142857142	18.285714285714285	15.285714285714286	38.714285714285715	248.28571428571428	31.142857142857142	
Chart-19		716.5	716.5	22.5	17.0	1242.5	1188.5	
Chart-20		1.0	1.0	1.0	25.0	71.0	184.0	
Chart-21		55.25	55.25	55.25	109.5	338.0	106.75	
Chart-22		71.4	64.8	19.0	97.8	126.0	55.6	
Chart-23		4176.0	4187.0	4187.0	1330.0	2495.0	1276.0	
Chart-24		3.0	3.0	3.0	1.0	20.0	12.0	
Math-1		421.0	256.0	79.0	89.5	651.0	1305.5	
Math-1		431.0	101.0	82.0	232.0	233.5	732.0	
Math-1		431.0	418.0	82.0	1628.0	707.5	1152.0	
Math-1		431.0	418.0	82.0	542.5	836.0	951.0	
Math-2		5.0	5.0	5.0	18.0	55.0	93.0	
Math-3		3.0	3.0	3.0	12.0	149.0	2.0	
Math-4		152.5	152.5	115.0	788.0	2305.5	1429.5	
Math-5		3.0	3.0	3.0	1.0	119.0	83.0	
Math-5		3.0	3.0	3.0	1.0	42.0	6.0	
Math-4		108.0	108.0	59.0	599.0	944.0	947.0	
Math-5		3.0	3.0	3.0	2.0	165.0	73.0	
Math-6		1943.0588235294117	1930.1764705882354	1641.4705882352941	3282.4117647058824	3139.294117647059	5101.764705882353	
Math-7		1473.6666666666667	1478.6666666666667	1478.6666666666667	913.1111111111111	1992.3333333333333	1239.3333333333333	
Math-8		9.5	9.5	9.5	21.0	866.0	199.5	
Math-9		1.0	1.0	1.0	3.0	2115.0	9.0	
Math-10		156.0	156.0	156.0	12.0	2252.0	533.0	
Math-11		9.0	9.0	9.0	113.0	6581.0	554.0	
Math-12		211.0	211.0	413.0	2331.0	38.0	1024.0	
Math-13		3245.5	366.0	366.0	3118.5	7246.5	3897.5	
Math-14		1815.6666666666667	323.3333333333333	323.3333333333333	4795.833333333333	3436.6666666666665	3608.0	
Math-17		61.0	61.0	61.0	111.0	603.0	539.0	
Math-18		706.5	706.5	706.5	2408.0	6354.0	1700.0	
Math-19		665.5	629.5	629.5	2011.0	991.5	2342.5	
Math-20		186.0	186.0	186.0	809.0	6383.0	4575.0	
Math-21		33.36363636363637	33.36363636363637	34.27272727272727	34.81818181818182	4791.636363636364	285.6363636363636	
Math-22		220.0	220.0	217.5	260.5	1729.0	1137.5	
Math-23		622.6666666666666	624.1666666666666	624.1666666666666	1795.8333333333333	2185.1666666666665	1509.1666666666667	
Math-22		207.0	207.0	155.0	156.0	1376.5	858.5	
Math-23		585.5	248.0	248.0	1249.3333333333333	1973.1666666666667	1334.3333333333333	
Math-24		282.5	283.5	283.5	1929.5	1575.0	1424.0	
Math-25		100.0	76.0	76.0	285.0	48.0	505.0	
Math-26		212.0	212.0	212.0	1357.0	1630.5	1836.0	
Math-27		3.0	3.0	3.0	2.0	316.0	3.0	
Math-28		66.2	66.2	66.2	980.6	4461.4	1492.4	
Math-29		188.6	181.8	85.4	706.8	91.0	505.4	
Math-30		28.0	28.0	28.0	103.0	756.0	32.0	
Math-31		579.0689655172414	595.4827586206897	660.0344827586207	1160.2413793103449	753.3448275862069	1136.2413793103449	
Math-32		171.0	171.0	171.0	895.0	718.0	2228.0	
Math-33		36.0	36.0	36.0	44.0	2015.0	1286.0	
Math-34		1.0	1.0	1.0	1.0	169.0	31.0	
Math-35		13.0	13.0	12.5	247.0	198.0	99.0	
Math-36		356.5	197.5	20.5	129.0	160.5	157.25	
Math-37		538.2	539.0	343.8	190.4	677.6	312.4	
Math-38		257.0	333.75	333.75	226.0	1966.5	2246.25	
Math-39		454.0	454.0	454.0	1939.0	434.0	1170.0	
Math-40		979.5	979.5	979.5	767.0	58.5	868.5	
Math-41		55.0	55.0	55.0	64.0	1080.0	157.0	
Math-42		319.5	319.5	319.5	2790.5	1831.5	2812.5	
Math-43		120.0	122.0	238.0	816.6666666666666	1820.0	685.0	
Math-44		362.0	367.3333333333333	367.3333333333333	1019.3333333333334	228.0	976.6666666666666	
Math-45		2.0	2.0	2.0	3.0	1273.0	8.0	
Math-46		192.5	179.5	343.0	1342.0	870.5	2336.0	
Math-47		1033.4	1045.6	1136.6	919.0	842.4	968.2	
Math-48		365.0	365.0	365.0	192.0	2636.0	258.0	
Math-49		2119.5	2119.5	2119.5	1398.75	893.75	1772.0	
Math-50		4.0	4.0	4.0	4.333333333333333	1101.3333333333333	956.0	
Math-51		239.5	287.0	287.0	1171.0	275.5	1864.5	
Math-52		1759.6666666666667	1765.6666666666667	1765.6666666666667	898.0	2112.3333333333335	615.0	
Math-53		2.0	2.0	2.0	3.0	385.0	7.0	
Math-54		1464.0	1503.0	1503.0	895.5	1384.0	1870.5	
Math-55		990.5	990.5	990.5	540.0	1042.5	201.5	
Math-56		31.5	31.5	31.5	18.666666666666668	1054.1666666666667	151.16666666666666	
Math-57		1.0	1.0	1.0	3.0	992.0	940.0	
Math-58		515.0	515.0	515.0	1441.0	2711.0	10.0	
Math-60		420.5	425.0	425.0	701.75	342.375	933.625	
Math-61		429.5	429.5	429.5	849.0	1431.5	507.5	
Math-62		328.75	328.75	328.75	370.25	564.25	747.75	
Math-63		1.0	1.0	1.0	2.0	302.0	132.0	
Math-64		261.7857142857143	247.64285714285714	248.28571428571428	346.2857142857143	200.28571428571428	371.7142857142857	
Math-65		318.3333333333333	318.3333333333333	318.3333333333333	2756.3333333333335	1036.3333333333333	2359.0	
Math-66		115.76470588235294	133.41176470588235	556.1764705882352	1483.0588235294117	479.6470588235294	1438.4117647058824	
Math-67		326.0	327.5	327.5	177.5	578.5	405.0	
Math-68		217.57142857142858	193.14285714285714	193.14285714285714	433.85714285714283	313.0	239.85714285714286	
Math-69		17.0	17.0	17.0	192.0	1916.0	2958.0	
Math-70		10.0	10.0	10.0	10.0	78.0	50.0	
Math-71		288.0	192.5	21.0	115.0	520.0	173.5	
Math-72		105.0	105.0	105.0	93.5	132.5	94.0	
Math-73		40.0	40.0	40.0	254.0	185.0	21.0	
Math-74		1774.4	1778.8	1778.8	3777.6	2884.4	3088.6	
Math-75		5.0	5.0	5.0	9.0	109.0	9.0	
Math-76		1100.5	326.0	303.35714285714283	2935.285714285714	2962.4285714285716	2612.5714285714284	
Math-77		98.57142857142857	98.57142857142857	96.57142857142857	162.42857142857142	1241.142857142857	54.42857142857143	
Math-78		34.5	34.5	34.5	131.0	130.0	90.0	
Math-79		2.0	2.0	2.0	31.5	436.0	43.5	
Math-80		144.0	144.0	144.0	98.0	1349.0	2974.0	
Math-81		1698.75	1741.75	1741.75	2146.5	2113.5	1959.75	
Math-82		210.0	210.0	210.0	325.0	1852.0	806.0	
Math-83		140.66666666666666	140.66666666666666	140.66666666666666	236.33333333333334	1046.0	553.0	
Math-84		102.66666666666667	118.0	121.33333333333333	139.33333333333334	69.33333333333333	138.0	
Math-85		110.0	110.0	110.0	29.0	219.0	93.0	
Math-86		518.0	601.6666666666666	608.3333333333334	406.6666666666667	1415.3333333333333	884.3333333333334	
Math-87		601.75	604.75	604.75	669.25	562.5	1071.5	
Math-88		23.0	23.0	23.0	18.0	1922.5714285714287	102.28571428571429	
Math-89		15.0	5.5	5.5	51.5	100.5	46.0	
Math-90		1.0	1.0	1.0	4.0	36.0	23.0	
Math-90		4.0	4.0	4.0	7.0	39.0	66.0	
Math-91		2.5	2.5	2.5	3.5	30.0	36.0	
Math-92		24.857142857142858	22.714285714285715	22.714285714285715	84.57142857142857	120.57142857142857	76.57142857142857	
Math-93		17.0	17.0	17.0	41.6	101.6	56.0	
Math-94		1.0	1.0	1.0	38.0	144.0	15.0	
Math-95		50.0	50.0	50.0	48.666666666666664	399.0	154.33333333333334	
Math-95		22.0	22.0	22.0	21.0	20.666666666666668	76.66666666666667	
Math-96		5.0	5.0	5.0	10.0	97.0	8.0	
Math-97		10.75	10.75	10.75	39.25	48.25	136.75	
Math-98		17.5	17.5	17.5	39.0	745.5	4.0	
Math-99		26.0	26.0	16.5	104.0	175.5	101.0	
Math-100		404.6666666666667	408.0	408.0	215.66666666666666	382.3333333333333	122.66666666666667	
Math-101		10.0	10.0	10.0	6.0	112.0	15.0	
Math-102		6.0	6.0	8.0	9.0	613.5	4.75	
Math-103		25.0	25.0	25.0	1.0	58.0	32.0	
Math-104		31.0	31.0	31.0	119.0	64.0	36.0	
Math-105		25.0	25.0	25.0	1.0	23.0	21.0	
Math-106		71.0	71.0	71.0	60.0	164.0	41.333333333333336	
Lang-21		2.0	2.0	2.0	1.0	229.0	3.0	
Mockito-2		101.66666666666667	134.0	143.0	156.33333333333334	878.3333333333334	161.0	
Mockito-3		634.4	661.6	709.6	645.8	2605.6	754.6	
Mockito-4		1798.3333333333333	1806.3333333333333	1806.3333333333333	773.0	1953.0	1344.3333333333333	
Mockito-5		2914.0	2991.0	2991.0	459.0	2553.0	3337.0	
Mockito-6		1295.05	1298.95	701.7	585.35	1414.75	869.0	
Mockito-7		1650.0	1659.0	1659.0	1057.0	816.0	597.0	
Mockito-8		43.5	47.0	47.0	79.5	52.5	109.5	
Mockito-9		950.5	990.5	993.5	1719.5	468.0	1225.5	
Mockito-10		668.3333333333334	669.3333333333334	669.3333333333334	618.5	1133.3333333333333	839.0	
Mockito-11		135.5	269.5	269.5	209.0	394.5	85.0	
Mockito-12		71.5	71.5	71.5	718.0	1191.0	50.5	
Mockito-13		651.3333333333334	653.6666666666666	653.6666666666666	627.6666666666666	1439.3333333333333	688.6666666666666	
Mockito-14		648.2	549.8	549.8	812.8	670.4	901.6	
Mockito-15		151.5	151.5	151.5	666.5	436.0	961.5	
Mockito-16		451.1666666666667	451.8333333333333	451.8333333333333	339.5	605.5	343.5	
Mockito-17		145.6	139.0	139.0	326.8	724.6	345.4	
Mockito-18		173.0	173.0	173.0	103.0	809.0	200.0	
Mockito-20		681.0	829.5	913.5	407.25	1054.0	1006.5	
Mockito-21		52.8	55.0	55.0	112.6	642.4	168.8	
Mockito-22		1.0	1.0	1.0	2.0	643.0	88.0	
Mockito-23		218.88888888888889	218.88888888888889	218.88888888888889	517.3333333333334	708.1111111111111	695.1111111111111	
Mockito-24		126.0	126.0	146.0	92.0	2310.0	1120.0	
Mockito-25		94.83333333333333	94.83333333333333	103.33333333333333	615.3333333333334	1050.0	642.3333333333334	
Mockito-26		35.0	41.0	169.0	6.0	2995.0	1654.0	
Mockito-27		286.5	231.5	70.5	186.0	353.5	792.0	
Mockito-28		453.0	453.0	453.0	1054.0	952.0	734.0	
Mockito-29		1007.0	1065.0	1065.0	1339.0	238.0	754.0	
Mockito-30		135.5	135.5	135.5	360.0	643.0	439.0	
Mockito-31		219.5	219.5	219.5	601.5	322.5	309.5	
Mockito-32		487.5	487.5	487.5	943.5	912.0	1275.0	
Mockito-33		129.0	129.0	238.0	201.0	35.0	767.0	
Mockito-34		115.0	115.0	162.0	239.0	615.0	145.0	
Mockito-35		429.0	426.3333333333333	16.0	97.0	391.0	722.6666666666666	
Mockito-36		1054.0	470.5	515.5	1025.0	1561.0	654.0	
Mockito-37		279.5	340.5	341.0	559.0	467.0	1152.5	
Mockito-38		811.0	887.0	887.0	646.0	967.0	196.0	
Time-1		377.4	395.4	395.4	767.0	1934.6	1018.4	
Time-2		1386.6666666666667	1386.6666666666667	1386.6666666666667	1618.6666666666667	4261.666666666667	2181.0	
Time-3		2270.5	2378.5	1546.7	2633.7	3650.45	3266.35	
Time-4		195.0	195.0	195.0	200.0	7495.0	88.0	
gzip-1		96.5	96.5	96.5	229.5	442.0	368.5	
gzip-2		52.5	60.833333333333336	60.833333333333336	27.833333333333332	200.5	137.0	
gzip-3		182.0	185.5	185.5	338.75	400.5	382.25	
gzip-4		10.333333333333334	10.333333333333334	10.333333333333334	215.66666666666666	137.66666666666666	167.66666666666666	
gzip-1		96.5	96.5	96.5	169.5	163.5	261.0	
gzip-4		10.333333333333334	195.33333333333334	195.33333333333334	100.66666666666667	103.33333333333333	169.0	
gzip-5		16.0	16.0	16.0	46.0	282.0	265.0	
python-1		448.0967741935484	448.0967741935484	448.0967741935484	1098.241935483871	938.3870967741935	1080.774193548387	
python-2		418.25	647.25	647.25	5565.75	3472.875	4356.375	
python-3		510.6666666666667	558.6666666666666	558.6666666666666	966.3333333333334	833.6666666666666	465.3333333333333	
python-4		1922.0	1922.0	1922.0	1854.0	754.0	2334.0	
libtiff-1		391.0	402.0	440.0	3270.0	1361.0	1749.0	
libtiff-2		133.5	142.5	142.5	259.5	534.5	221.5	
libtiff-3		30.0	48.0	48.0	76.2	79.6	74.2	
libtiff-4		1465.5722627737227	1608.6700729927006	1609.8131386861314	1625.8656934306568	1531.7284671532848	1686.1664233576641	
libtiff-5		723.9673913043479	723.9673913043479	723.9673913043479	1018.3586956521739	1300.641304347826	883.9673913043479	
libtiff-6		753.0	753.0	753.0	734.0	679.0	1074.0	
libtiff-7		3764.375	3703.9791666666665	3703.9791666666665	3381.3958333333335	2400.375	3541.6145833333335	
Time-5		525.8333333333334	630.1666666666666	630.1666666666666	910.5	610.5	1511.3333333333333	
Time-6		629.5	629.5	142.5	635.5	1660.5	258.0	
Lang-1		16.0	16.0	16.0	5.0	1120.0	13.666666666666666	
Lang-2		19.0	19.0	19.0	90.0	60.0	20.0	
Lang-3		113.75	116.0	116.0	325.25	783.0	610.0	
Lang-4		8.5	8.5	8.5	18.5	44.0	11.75	
Lang-5		22.0	29.0	29.0	13.0	76.0	61.0	
Lang-6		16.0	16.0	16.0	97.0	182.0	2629.0	
Lang-7		437.4	439.0	439.0	271.2	1213.0	681.8	
Lang-8		65.0	65.0	65.0	85.0	630.0	274.0	
Lang-9		54.0	54.0	67.0	40.0	13.0	419.0	
Lang-10		65.16666666666667	65.66666666666667	72.16666666666667	105.0	180.66666666666666	220.66666666666666	
Lang-11		2.0	2.0	2.0	1.0	41.0	1.0	
Lang-12		10.75	15.0	17.25	11.75	17.0	16.0	
Lang-13		64.0	66.0	66.0	51.0	30.0	50.0	
Lang-14		4.0	4.0	4.0	1.0	233.0	3.0	
Lang-15		227.75	227.75	116.75	272.5	1189.25	649.25	
Lang-16		4.0	4.0	4.0	55.0	77.0	44.0	
Lang-17		704.2857142857143	274.7142857142857	274.7142857142857	1097.0	995.5714285714286	797.1428571428571	
Lang-18		71.0	71.0	71.0	181.5	304.5	277.5	
Lang-19		27.5	27.5	21.0	20.25	41.75	24.5	
Lang-20		36.0	36.0	17.0	40.5	606.0	20.0	
Lang-21		2.0	2.0	2.0	1.0	100.0	14.0	
Lang-22		14.0	14.0	36.0	21.0	23.0	11.0	
Lang-23		140.0	128.33333333333334	128.33333333333334	240.0	148.33333333333334	218.0	
Lang-24		134.0	134.0	134.0	17.0	1593.0	63.0	
Lang-25		10.0	9.5	9.5	15.0	7.0	12.5	
Lang-26		116.0	116.0	116.0	344.0	236.0	189.0	
Lang-27		130.5	130.5	130.5	268.0	1430.5	794.5	
Lang-28		30.5	30.5	30.5	23.0	36.5	42.5	
Lang-29		20.0	20.0	20.0	9.0	911.0	7.0	
Lang-30		113.58823529411765	115.0	102.76470588235294	566.7058823529412	1528.8235294117646	182.64705882352942	
Lang-31		7.333333333333333	7.333333333333333	7.333333333333333	9.0	301.3333333333333	8.333333333333334	
Lang-32		31.0	31.0	31.0	332.0	435.75	287.25	
Lang-33		39.0	39.0	39.0	20.0	820.0	29.0	
Lang-34		51.0	54.0	133.0	75.5	20.5	63.0	
Lang-35		444.5	444.5	444.5	452.0	147.0	228.5	
Lang-36		110.66666666666667	110.66666666666667	96.66666666666667	75.66666666666667	1404.3333333333333	662.3333333333334	
Lang-37		6.5	6.5	6.5	3.5	333.5	12.5	
Lang-38		4.0	4.0	4.0	10.0	205.0	203.0	
Lang-39		26.0	26.0	26.0	23.0	909.0	37.0	
Lang-40		4.0	4.0	4.0	4.0	135.0	2.0	
Lang-41		46.0	48.4	35.6	123.6	164.4	140.0	
Lang-42		52.5	52.5	52.5	197.0	107.5	308.5	
Lang-43		19.0	19.0	19.0	3.0	145.0	50.0	
Lang-44		3.0	3.0	3.0	3.0	37.0	31.0	
Lang-45		9.0	9.0	9.0	3.0	154.0	8.0	
Lang-46		24.555555555555557	30.22222222222222	30.22222222222222	82.11111111111111	131.11111111111111	115.33333333333333	
Lang-47		37.0	26.0	7.0	209.5	428.0	180.5	
Lang-48		23.666666666666668	8.0	8.0	75.66666666666667	35.666666666666664	100.66666666666667	
Lang-49		7.0	7.0	7.0	31.0	242.0	39.0	
Lang-50		151.4	65.4	19.4	97.4	313.1	144.8	
Lang-51		14.0	14.0	14.0	1.0	99.0	21.0	
Lang-52		62.0	35.0	35.0	111.0	131.0	79.0	
Lang-53		125.0	125.0	125.0	62.0	112.75	82.25	
Lang-54		10.0	10.0	10.0	1.0	34.0	37.0	
Lang-55		19.5	19.5	19.5	19.0	27.0	22.5	
Lang-56		379.5	433.0	433.0	147.0	258.0	343.5	
Lang-57		6.0	6.0	6.0	3.0	35.0	12.0	
Lang-58		23.5	23.5	23.5	7.0	1079.5	117.5	
Lang-59		10.0	10.0	10.0	5.0	294.0	8.0	
Lang-60		301.5	301.5	301.5	326.5	681.5	326.5	
Lang-61		16.0	16.0	29.0	18.0	911.0	34.0	
Lang-62		183.0	216.0	216.0	225.0	118.0	164.0	
Lang-63		49.89473684210526	49.89473684210526	49.89473684210526	64.15789473684211	663.578947368421	280.10526315789474	
Lang-64		610.5	610.5	610.5	63.0	457.0	553.0	
Lang-65		63.25	63.25	63.25	45.0	115.0	99.0	
Time-1		378.6	392.4	392.4	240.8	1813.8	633.8	
Time-4		83.0	83.0	83.0	558.0	2821.0	383.0	
Time-5		531.1666666666666	689.1666666666666	689.1666666666666	240.16666666666666	3054.6666666666665	832.0	
Time-6		632.0	632.0	229.0	178.5	2823.0	574.0	
Time-7		40.0	40.0	40.0	115.5	880.0	1879.0	
Time-8		266.6666666666667	397.6666666666667	397.6666666666667	403.6666666666667	2843.6666666666665	1307.0	
Time-9		15.8	15.8	15.8	243.8	1224.4	2031.8	
Chart-1		80.0	80.0	80.0	97.0	33.0	314.0	
Chart-2		240.2	243.0	184.8	545.8	732.5	575.6	
Chart-3		8.0	8.0	8.0	24.0	736.0	18.0	
Chart-5		64.33333333333333	65.0	65.0	72.66666666666667	173.33333333333334	74.33333333333333	
Chart-6		5.0	5.0	93.0	6.0	489.0	458.0	
Chart-7		84.5	84.5	84.5	244.5	185.5	111.5	
Chart-8		1.0	1.0	1.0	16.0	39.0	42.0	
Chart-9		76.0	76.0	76.0	25.0	870.0	119.0	
Chart-10		3.0	3.0	3.0	3.0	44.0	1.0	
Chart-11		5.0	5.0	5.0	6.0	128.0	121.0	
Chart-12		14.0	14.0	14.0	614.0	477.0	290.0	
Chart-13		95.0	95.0	95.0	94.0	98.0	449.0	
Chart-14		500.0	500.0	34.0	1355.25	2223.25	1805.5	
Chart-15		3689.0	3791.6666666666665	3791.6666666666665	1871.6666666666667	5961.666666666667	6455.0	
Chart-16		14.0	13.333333333333334	3.6666666666666665	10.666666666666666	106.33333333333333	68.0	
Chart-17		42.0	42.0	42.0	23.0	285.0	124.0	
Chart-18		25.142857142857142	19.714285714285715	16.428571428571427	16.428571428571427	245.14285714285714	23.714285714285715	
Chart-19		716.5	716.5	284.5	3644.5	2136.5	2258.5	
Chart-20		5.0	5.0	5.0	190.0	236.0	342.0	
Chart-21		55.25	55.25	55.25	286.25	214.5	168.75	
Chart-22		73.0	68.8	26.8	61.0	96.6	64.6	
Chart-23		4176.0	4187.0	4187.0	694.0	4036.0	1025.0	
Chart-24		5.0	5.0	5.0	5.0	15.0	19.0	
Chart-25		3241.6	3232.1	1674.6	4120.8	5664.5	3280.7	
Lang-1		16.0	16.0	16.0	6.333333333333333	773.3333333333334	133.0	
Lang-2		13.0	13.0	13.0	44.0	85.0	71.0	
Lang-3		113.75	116.0	116.0	509.5	1004.25	331.25	
Lang-4		8.5	8.5	8.5	17.5	27.25	7.75	
Lang-5		22.0	22.5	22.5	24.0	32.5	54.5	
Lang-6		32.0	32.0	32.0	985.0	91.0	1211.0	
Lang-7		437.4	438.0	438.0	461.4	968.6	528.2	
Lang-8		64.0	64.0	64.0	352.0	478.0	71.0	
Lang-9		54.0	54.0	63.0	238.0	435.0	142.0	
Lang-10		68.16666666666667	69.16666666666667	76.16666666666667	102.16666666666667	572.1666666666666	109.16666666666667	
Lang-10		54.166666666666664	54.666666666666664	64.66666666666667	113.16666666666667	393.1666666666667	167.83333333333334	
Lang-11		7.0	7.0	7.0	12.0	4.0	12.0	
Lang-12		10.75	15.0	17.25	8.75	21.75	17.5	
Lang-13		64.0	66.0	66.0	28.0	34.0	26.0	
Lang-14		4.0	4.0	4.0	3.0	893.0	2.0	
Lang-15		227.75	227.75	116.75	330.0	2039.0	351.25	
Lang-16		4.0	4.0	4.0	23.0	985.0	11.0	
Lang-17		665.8571428571429	98.42857142857143	98.42857142857143	935.5714285714286	699.7142857142857	877.2857142857143	
Lang-18		69.5	69.5	69.5	243.75	202.5	213.0	
Lang-19		28.25	28.25	22.25	24.25	27.25	38.75	
Lang-20		36.0	36.0	17.0	3.0	962.5	21.5	
Time-27		1315.6666666666667	1315.6666666666667	1315.6666666666667	2651.0	5826.333333333333	2137.3333333333335	
Time-1		342.2	342.2	342.2	747.6	2247.0	796.6	
Time-2		1393.0	1393.0	1393.0	686.0	4471.333333333333	1338.6666666666667	
Time-3		2257.9	2339.9	1445.1	1632.95	4608.55	2127.65	
Time-3		2257.8	2181.0	1285.7	1116.0	772.7	2525.4	
Time-4		82.0	82.0	82.0	64.0	4974.0	3643.0	
Time-5		521.8333333333334	623.1666666666666	623.1666666666666	1205.1666666666667	1981.5	558.3333333333334	
Time-6		595.0	593.0	127.0	137.5	2877.0	208.0	
Time-7		41.0	41.0	46.0	278.5	1668.0	41.0	
Time-8		271.3333333333333	369.3333333333333	369.3333333333333	1470.0	2221.3333333333335	1298.6666666666667	
Time-9		15.8	15.8	15.8	321.8	2573.2	744.2	
Time-10		1675.0	1682.5	1700.0	2212.0	4490.0	78.5	
Time-11		74.0	74.0	74.0	481.3333333333333	739.3333333333334	727.0	
Time-12		1536.8333333333333	1488.8333333333333	15.833333333333334	873.0	2473.8333333333335	1513.0	
Time-13		1262.0	1262.0	1262.0	5006.0	4810.0	3220.0	
Time-14		93.0	93.0	168.0	22.0	4131.0	62.0	
Time-15		2.0	2.0	2.0	5.0	96.0	76.0	
Time-16		89.5	89.5	93.5	1111.0	3870.5	182.0	
Time-17		39.0	39.0	39.0	53.6	3243.0	449.6	
Time-18		1758.0	1796.5	1796.5	70.5	2978.0	1833.0	
Time-19		11.0	11.0	11.0	287.0	2958.0	1983.0	
Time-20		2190.0	2293.0	2293.0	4739.0	2027.0	1283.0	
Time-21		426.57142857142856	458.7142857142857	474.14285714285717	208.71428571428572	3262.4285714285716	912.5714285714286	
Time-22		62.5	62.5	62.5	95.5	3068.5	93.5	
Time-23		29.22222222222222	29.22222222222222	29.22222222222222	81.22222222222223	753.8888888888889	519.5555555555555	
Time-24		2242.0	2791.0	2791.0	2896.0	7408.0	806.0	
Time-25		23.0	23.0	33.0	38.0	5588.0	201.0	
Time-26		4501.0	4592.0	4592.0	3818.0	4085.0	1171.0	
Time-27		302.6666666666667	302.6666666666667	302.6666666666667	518.3333333333334	2088.6666666666665	2518.0	
